z(3,3,3,3) >= 8
(3, 3, 2) (3, 3, 2)
3 3 /wA=

z(3,3,4,4) >= 13
(4, 3, 3, 3) (4, 3, 3, 3)
4 4 f9s=

z(3,3,5,5) >= 20
(4, 4, 4, 4, 4) (4, 4, 4, 4, 4)
5 5 7+7uAQ==

z(3,3,6,6) >= 26
(5, 5, 4, 4, 4, 4) (5, 5, 4, 4, 4, 4)
6 6 vf9c6ww=
z(3,3,6,6) < 27

z(3,3,6,7) >= 29
6 7 /s85v6oC
z(3,3,6,7) < 30
(5, 5, 4, 4, 4, 4, 4) (5, 5, 5, 5, 5, 5)

z(3,3,6,8) >= 32
6 8 P89z1eq8
z(3,3,6,8) < 33
(5, 4, 4, 4, 4, 4, 4, 4) (6, 6, 6, 5, 5, 5)

z(3,3,6,9) >= 36
6 9 P55Nr6ubPQ==
z(3,3,6,9) < 37

z(3,3,6,10) >= 39
6 10 Px6P/zZt2QY=
z(3,3,6,10) < 40

z(3,3,7,7) >= 33
(5, 5, 5, 5, 5, 4, 4) (5, 5, 5, 5, 5, 4, 4)
(5, 5, 5, 5, 5, 4, 4) (6, 5, 5, 5, 4, 4, 4)
(6, 5, 5, 5, 4, 4, 4) (6, 5, 5, 5, 4, 4, 4)
7 7 /tu2fVx1AA==
z(3,3,7,7) < 34

z(3,3,7,8) >= 37
7 8 /jfHW6udbQ==
z(3,3,7,8) < 38

z(3,3,7,9) >= 40
7 9 dzaP7+W1qSs=
z(3,3,7,9) < 41
(5, 5, 5, 5, 5, 4, 4, 4, 4) (6, 6, 6, 6, 6, 6, 5)
(6, 5, 5, 5, 4, 4, 4, 4, 4) (6, 6, 6, 6, 6, 6, 5)

z(3,3,7,10) >= 44
7 10 9+w8fFeteuoW
z(3,3,7,10) < 45

z(3,3,7,11) >= 47
7 11 +9h422zL7RMfBw==
z(3,3,7,11) < 48
(5, 5, 5, 5, 4, 4, 4, 4, 4, 4, 4) (7, 7, 7, 7, 7, 7, 6)
(5, 5, 5, 5, 4, 4, 4, 4, 4, 4, 4) (8, 7, 7, 7, 7, 6, 6)
(5, 5, 5, 5, 4, 4, 4, 4, 4, 4, 4) (8, 8, 7, 7, 6, 6, 6)
(5, 5, 5, 5, 4, 4, 4, 4, 4, 4, 4) (8, 8, 8, 6, 6, 6, 6)

z(3,3,7,12) >= 50
7 12 /PNDzzizw1fVqg4=
z(3,3,7,12) < 51
(5, 5, 5, 4, 4, 4, 4, 4, 4, 4, 4, 4) (8, 8, 7, 7, 7, 7, 7)
(5, 5, 5, 4, 4, 4, 4, 4, 4, 4, 4, 4) (8, 8, 8, 7, 7, 7, 6)
(5, 5, 5, 4, 4, 4, 4, 4, 4, 4, 4, 4) (9, 7, 7, 7, 7, 7, 7)
(5, 5, 5, 4, 4, 4, 4, 4, 4, 4, 4, 4) (9, 8, 7, 7, 7, 7, 6)
(6, 5, 4, 4, 4, 4, 4, 4, 4, 4, 4, 4) (8, 8, 7, 7, 7, 7, 7)
(6, 5, 4, 4, 4, 4, 4, 4, 4, 4, 4, 4) (8, 8, 8, 7, 7, 7, 6)
(6, 5, 4, 4, 4, 4, 4, 4, 4, 4, 4, 4) (9, 7, 7, 7, 7, 7, 7)
(6, 5, 4, 4, 4, 4, 4, 4, 4, 4, 4, 4) (9, 8, 7, 7, 7, 7, 6)
(6, 5, 4, 4, 4, 4, 4, 4, 4, 4, 4, 4) (10, 7, 7, 7, 7, 7, 6)

z(3,3,7,13) >= 53
7 13 /+Dh2U3NXsrTbPQC
z(3,3,7,13) < 54
(5, 5, 4, 4, 4, 4, 4, 4, 4, 4, 4, 4, 4) (8, 8, 8, 8, 8, 7, 7)
(5, 5, 4, 4, 4, 4, 4, 4, 4, 4, 4, 4, 4) (8, 8, 8, 8, 8, 8, 6)
(5, 5, 4, 4, 4, 4, 4, 4, 4, 4, 4, 4, 4) (9, 8, 8, 8, 7, 7, 7)
(5, 5, 4, 4, 4, 4, 4, 4, 4, 4, 4, 4, 4) (9, 8, 8, 8, 8, 7, 6)
(5, 5, 4, 4, 4, 4, 4, 4, 4, 4, 4, 4, 4) (9, 9, 8, 7, 7, 7, 7)
(5, 5, 4, 4, 4, 4, 4, 4, 4, 4, 4, 4, 4) (9, 9, 8, 8, 7, 7, 6)
(5, 5, 4, 4, 4, 4, 4, 4, 4, 4, 4, 4, 4) (9, 9, 9, 7, 7, 7, 6)
(5, 5, 4, 4, 4, 4, 4, 4, 4, 4, 4, 4, 4) (10, 8, 8, 7, 7, 7, 7)
(5, 5, 4, 4, 4, 4, 4, 4, 4, 4, 4, 4, 4) (10, 8, 8, 8, 7, 7, 6)
(5, 5, 4, 4, 4, 4, 4, 4, 4, 4, 4, 4, 4) (10, 9, 7, 7, 7, 7, 7)
(5, 5, 4, 4, 4, 4, 4, 4, 4, 4, 4, 4, 4) (10, 9, 8, 7, 7, 7, 6)
(5, 5, 4, 4, 4, 4, 4, 4, 4, 4, 4, 4, 4) (10, 10, 7, 7, 7, 7, 6)
(6, 4, 4, 4, 4, 4, 4, 4, 4, 4, 4, 4, 4) (8, 8, 8, 8, 8, 7, 7)
(6, 4, 4, 4, 4, 4, 4, 4, 4, 4, 4, 4, 4) (8, 8, 8, 8, 8, 8, 6)
(6, 4, 4, 4, 4, 4, 4, 4, 4, 4, 4, 4, 4) (9, 8, 8, 8, 7, 7, 7)
(6, 4, 4, 4, 4, 4, 4, 4, 4, 4, 4, 4, 4) (9, 8, 8, 8, 8, 7, 6)
(6, 4, 4, 4, 4, 4, 4, 4, 4, 4, 4, 4, 4) (9, 9, 8, 7, 7, 7, 7)
(6, 4, 4, 4, 4, 4, 4, 4, 4, 4, 4, 4, 4) (9, 9, 8, 8, 7, 7, 6)
(6, 4, 4, 4, 4, 4, 4, 4, 4, 4, 4, 4, 4) (9, 9, 9, 7, 7, 7, 6)
(6, 4, 4, 4, 4, 4, 4, 4, 4, 4, 4, 4, 4) (10, 8, 8, 7, 7, 7, 7)
(6, 4, 4, 4, 4, 4, 4, 4, 4, 4, 4, 4, 4) (10, 8, 8, 8, 7, 7, 6)
(6, 4, 4, 4, 4, 4, 4, 4, 4, 4, 4, 4, 4) (10, 9, 7, 7, 7, 7, 7)
(6, 4, 4, 4, 4, 4, 4, 4, 4, 4, 4, 4, 4) (10, 9, 8, 7, 7, 7, 6)
(6, 4, 4, 4, 4, 4, 4, 4, 4, 4, 4, 4, 4) (10, 10, 7, 7, 7, 7, 6)

z(3,3,7,14) >= 56
7 14 /8DBtzM2tdI8rY2+AQ==
z(3,3,7,14) < 57
(5, 4, 4, 4, 4, 4, 4, 4, 4, 4, 4, 4, 4, 4) (9, 8, 8, 8, 8, 8, 8)
(5, 4, 4, 4, 4, 4, 4, 4, 4, 4, 4, 4, 4, 4) (9, 9, 8, 8, 8, 8, 7)
(5, 4, 4, 4, 4, 4, 4, 4, 4, 4, 4, 4, 4, 4) (9, 9, 9, 8, 8, 7, 7)
(5, 4, 4, 4, 4, 4, 4, 4, 4, 4, 4, 4, 4, 4) (9, 9, 9, 9, 7, 7, 7)
(5, 4, 4, 4, 4, 4, 4, 4, 4, 4, 4, 4, 4, 4) (10, 8, 8, 8, 8, 8, 7)
(5, 4, 4, 4, 4, 4, 4, 4, 4, 4, 4, 4, 4, 4) (10, 9, 8, 8, 8, 7, 7)
(5, 4, 4, 4, 4, 4, 4, 4, 4, 4, 4, 4, 4, 4) (10, 9, 9, 8, 7, 7, 7)
(5, 4, 4, 4, 4, 4, 4, 4, 4, 4, 4, 4, 4, 4) (10, 10, 8, 8, 7, 7, 7)
(5, 4, 4, 4, 4, 4, 4, 4, 4, 4, 4, 4, 4, 4) (10, 10, 9, 7, 7, 7, 7)

z(3,3,7,15) >= 60
7 15 /4MP/jin5Ky0ps7hWgE=
z(3,3,7,15) < 61

z(3,3,7,16) >= 63
7 16 /wMffOOcJefMuVJruFY=
z(3,3,7,16) < 64
(4, 4, 4, 4, 4, 4, 4, 4, 4, 4, 4, 4, 4, 4, 4, 4) (10, 9, 9, 9, 9, 9, 9)
(4, 4, 4, 4, 4, 4, 4, 4, 4, 4, 4, 4, 4, 4, 4, 4) (10, 10, 9, 9, 9, 9, 8)
(4, 4, 4, 4, 4, 4, 4, 4, 4, 4, 4, 4, 4, 4, 4, 4) (10, 10, 10, 9, 9, 8, 8)
(4, 4, 4, 4, 4, 4, 4, 4, 4, 4, 4, 4, 4, 4, 4, 4) (10, 10, 10, 10, 8, 8, 8)

z(3,3,7,17) >= 66
7 17 /wM+OI/zKTmntJa6Jq42
z(3,3,7,17) < 67

z(3,3,7,18) >= 69
7 18 /wN88DHOWcm5zLniOS05Fw==
z(3,3,7,18) < 70

z(3,3,7,19) >= 72
7 19 /4A7+OzGmNvaYGsHbF6Cbw0=
z(3,3,7,19) < 73

z(3,3,7,20) >= 75
7 20 /4Bz8FkbY47Hy+BP21oH1noA
z(3,3,7,20) < 76

z(3,3,7,21) >= 78
7 21 /4Dn4THD3a4ZPM44Z6u7gLobAA==
z(3,3,7,21) < 79

z(3,3,7,22) >= 81
7 22 /4DPw2M8E2cz2Xmwvmn1FqDeBgA=
z(3,3,7,22) < 82

z(3,3,8,8) >= 42
(6, 6, 5, 5, 5, 5, 5, 5) (6, 6, 5, 5, 5, 5, 5, 5)
(7, 5, 5, 5, 5, 5, 5, 5) (7, 5, 5, 5, 5, 5, 5, 5)
8 8 /h9nq9PNtXk=
z(3,3,8,8) < 43

z(3,3,8,9) >= 45
8 9 P45va4s/tmM7
z(3,3,8,9) < 46

z(3,3,8,10) >= 50
8 10 fzw+W7Vpm60tbw==
z(3,3,8,10) < 51

z(3,3,8,11) >= 53
8 11 Hz5X2nVL/eX0wi4=
z(3,3,8,11) < 54

z(3,3,8,12) >= 57
8 12 Hn82qzVtzVmreewP
z(3,3,8,12) < 58

z(3,3,8,13) >= 60
8 13 H+cs52b1M62aqS3lUw==
z(3,3,8,13) < 61

z(3,3,8,14) >= 64
8 14 H8dZtqrW0tmZtapHsx8=
z(3,3,8,14) < 65

z(3,3,8,15) >= 67
8 15 j4/ZGW/1ilqOznO4ybTS
z(3,3,8,15) < 68
(5, 5, 5, 5, 5, 5, 5, 5, 4, 4, 4, 4, 4, 4, 4) (9, 9, 9, 9, 8, 8, 8, 8)
(5, 5, 5, 5, 5, 5, 5, 5, 4, 4, 4, 4, 4, 4, 4) (10, 9, 9, 8, 8, 8, 8, 8)
(5, 5, 5, 5, 5, 5, 5, 5, 4, 4, 4, 4, 4, 4, 4) (10, 10, 8, 8, 8, 8, 8, 8)
(6, 5, 5, 5, 5, 5, 5, 4, 4, 4, 4, 4, 4, 4, 4) (9, 9, 9, 9, 8, 8, 8, 8)
(6, 5, 5, 5, 5, 5, 5, 4, 4, 4, 4, 4, 4, 4, 4) (10, 9, 9, 8, 8, 8, 8, 8)
(6, 5, 5, 5, 5, 5, 5, 4, 4, 4, 4, 4, 4, 4, 4) (10, 10, 8, 8, 8, 8, 8, 8)
(6, 5, 5, 5, 5, 5, 5, 4, 4, 4, 4, 4, 4, 4, 4) (11, 9, 8, 8, 8, 8, 8, 8)

z(3,3,8,16) >= 70
8 16 zwfzGV14taauuHpmKcsW1Q==
z(3,3,8,16) < 71
(5, 5, 5, 5, 5, 5, 5, 4, 4, 4, 4, 4, 4, 4, 4, 4) (9, 9, 9, 9, 9, 9, 9, 8)
(5, 5, 5, 5, 5, 5, 5, 4, 4, 4, 4, 4, 4, 4, 4, 4) (10, 9, 9, 9, 9, 9, 8, 8)
(5, 5, 5, 5, 5, 5, 5, 4, 4, 4, 4, 4, 4, 4, 4, 4) (10, 10, 9, 9, 9, 8, 8, 8)
(5, 5, 5, 5, 5, 5, 5, 4, 4, 4, 4, 4, 4, 4, 4, 4) (10, 10, 10, 9, 8, 8, 8, 8)
(5, 5, 5, 5, 5, 5, 5, 4, 4, 4, 4, 4, 4, 4, 4, 4) (11, 9, 9, 9, 9, 8, 8, 8)
(5, 5, 5, 5, 5, 5, 5, 4, 4, 4, 4, 4, 4, 4, 4, 4) (11, 10, 9, 9, 8, 8, 8, 8)
(5, 5, 5, 5, 5, 5, 5, 4, 4, 4, 4, 4, 4, 4, 4, 4) (11, 10, 10, 8, 8, 8, 8, 8)
(5, 5, 5, 5, 5, 5, 5, 4, 4, 4, 4, 4, 4, 4, 4, 4) (11, 11, 9, 8, 8, 8, 8, 8)
(6, 5, 5, 5, 5, 5, 4, 4, 4, 4, 4, 4, 4, 4, 4, 4) (9, 9, 9, 9, 9, 9, 9, 8)
(6, 5, 5, 5, 5, 5, 4, 4, 4, 4, 4, 4, 4, 4, 4, 4) (10, 9, 9, 9, 9, 9, 8, 8)
(6, 5, 5, 5, 5, 5, 4, 4, 4, 4, 4, 4, 4, 4, 4, 4) (10, 10, 9, 9, 9, 8, 8, 8)
(6, 5, 5, 5, 5, 5, 4, 4, 4, 4, 4, 4, 4, 4, 4, 4) (10, 10, 10, 9, 8, 8, 8, 8)
(6, 5, 5, 5, 5, 5, 4, 4, 4, 4, 4, 4, 4, 4, 4, 4) (11, 9, 9, 9, 9, 8, 8, 8)
(6, 5, 5, 5, 5, 5, 4, 4, 4, 4, 4, 4, 4, 4, 4, 4) (11, 10, 9, 9, 8, 8, 8, 8)
(6, 5, 5, 5, 5, 5, 4, 4, 4, 4, 4, 4, 4, 4, 4, 4) (11, 10, 10, 8, 8, 8, 8, 8)
(6, 5, 5, 5, 5, 5, 4, 4, 4, 4, 4, 4, 4, 4, 4, 4) (11, 11, 9, 8, 8, 8, 8, 8)
(6, 5, 5, 5, 5, 5, 4, 4, 4, 4, 4, 4, 4, 4, 4, 4) (12, 9, 9, 9, 8, 8, 8, 8)
(6, 5, 5, 5, 5, 5, 4, 4, 4, 4, 4, 4, 4, 4, 4, 4) (12, 10, 9, 8, 8, 8, 8, 8)
(6, 5, 5, 5, 5, 5, 4, 4, 4, 4, 4, 4, 4, 4, 4, 4) (12, 11, 8, 8, 8, 8, 8, 8)

z(3,3,8,17) >= 74
8 17 /gc88J/jWFk2VbWxco25bJU=
z(3,3,8,17) < 75

z(3,3,8,18) >= 77
8 18 5w+sw9Mys1dVuM1OWF6FnqeK
z(3,3,8,18) < 78
(5, 5, 5, 5, 5, 5, 4, 4, 4, 4, 4, 4, 4, 4, 4, 4, 4, 4) (10, 10, 10, 10, 10, 10, 9, 9)
(5, 5, 5, 5, 5, 5, 4, 4, 4, 4, 4, 4, 4, 4, 4, 4, 4, 4) (11, 10, 10, 10, 10, 9, 9, 9)
(5, 5, 5, 5, 5, 5, 4, 4, 4, 4, 4, 4, 4, 4, 4, 4, 4, 4) (11, 11, 10, 10, 9, 9, 9, 9)
(5, 5, 5, 5, 5, 5, 4, 4, 4, 4, 4, 4, 4, 4, 4, 4, 4, 4) (11, 11, 11, 9, 9, 9, 9, 9)
(5, 5, 5, 5, 5, 5, 4, 4, 4, 4, 4, 4, 4, 4, 4, 4, 4, 4) (12, 10, 10, 10, 9, 9, 9, 9)
(5, 5, 5, 5, 5, 5, 4, 4, 4, 4, 4, 4, 4, 4, 4, 4, 4, 4) (12, 11, 10, 9, 9, 9, 9, 9)
(5, 5, 5, 5, 5, 5, 4, 4, 4, 4, 4, 4, 4, 4, 4, 4, 4, 4) (12, 12, 9, 9, 9, 9, 9, 9)
(5, 5, 5, 5, 5, 5, 4, 4, 4, 4, 4, 4, 4, 4, 4, 4, 4, 4) (13, 10, 10, 9, 9, 9, 9, 9)
(5, 5, 5, 5, 5, 5, 4, 4, 4, 4, 4, 4, 4, 4, 4, 4, 4, 4) (13, 11, 9, 9, 9, 9, 9, 9)
(6, 5, 5, 5, 5, 4, 4, 4, 4, 4, 4, 4, 4, 4, 4, 4, 4, 4) (10, 10, 10, 10, 10, 10, 9, 9)
(6, 5, 5, 5, 5, 4, 4, 4, 4, 4, 4, 4, 4, 4, 4, 4, 4, 4) (11, 10, 10, 10, 10, 9, 9, 9)
(6, 5, 5, 5, 5, 4, 4, 4, 4, 4, 4, 4, 4, 4, 4, 4, 4, 4) (11, 11, 10, 10, 9, 9, 9, 9)
(6, 5, 5, 5, 5, 4, 4, 4, 4, 4, 4, 4, 4, 4, 4, 4, 4, 4) (11, 11, 11, 9, 9, 9, 9, 9)
(6, 5, 5, 5, 5, 4, 4, 4, 4, 4, 4, 4, 4, 4, 4, 4, 4, 4) (12, 10, 10, 10, 9, 9, 9, 9)
(6, 5, 5, 5, 5, 4, 4, 4, 4, 4, 4, 4, 4, 4, 4, 4, 4, 4) (12, 11, 10, 9, 9, 9, 9, 9)
(6, 5, 5, 5, 5, 4, 4, 4, 4, 4, 4, 4, 4, 4, 4, 4, 4, 4) (12, 12, 9, 9, 9, 9, 9, 9)
(6, 5, 5, 5, 5, 4, 4, 4, 4, 4, 4, 4, 4, 4, 4, 4, 4, 4) (13, 10, 10, 9, 9, 9, 9, 9)
(6, 5, 5, 5, 5, 4, 4, 4, 4, 4, 4, 4, 4, 4, 4, 4, 4, 4) (13, 11, 9, 9, 9, 9, 9, 9)

z(3,3,9,9) >= 49
(6, 6, 6, 6, 5, 5, 5, 5, 5) (6, 6, 6, 6, 5, 5, 5, 5, 5)
9 9 d3ZVd3t4aTpPPAE=
9 9 d3Z1c/dweFrLPAE=
9 9 d3Z1c/ewdFrLWgE=
9 9 8+rq5v7h8NJWbgA=
9 9 d3Z1c3d4aUuP8AE=
9 9 d3Z19np4aRtX8AE=
9 9 d3Z1NX94aSttPAE=
9 9 d3Zld314aTkvPAE=
9 9 d3Z1Vn94aRtrPAE=
9 9 d3Z1c/dweGmtPAE=
9 9 d3Z19Xx4aSs38AE=
9 9 dzb38np4TVNX8AE=
9 9 d2Z3c3u4ZTpPWgE=
9 9 dzb3Yn94TVNrOgE=
(6, 6, 6, 6, 5, 5, 5, 5, 5) (6, 6, 6, 6, 6, 5, 5, 5, 4)
(6, 6, 6, 6, 5, 5, 5, 5, 5) (7, 6, 6, 5, 5, 5, 5, 5, 5)
(6, 6, 6, 6, 5, 5, 5, 5, 5) (7, 6, 6, 6, 5, 5, 5, 5, 4)
9 9 93Z2dbuslSf4BwE=
(6, 6, 6, 6, 5, 5, 5, 5, 5) (7, 7, 5, 5, 5, 5, 5, 5, 5)
(6, 6, 6, 6, 5, 5, 5, 5, 5) (7, 7, 6, 5, 5, 5, 5, 5, 4)
(6, 6, 6, 6, 6, 5, 5, 5, 4) (6, 6, 6, 6, 6, 5, 5, 5, 4)
(6, 6, 6, 6, 6, 5, 5, 5, 4) (7, 6, 6, 5, 5, 5, 5, 5, 5)
(6, 6, 6, 6, 6, 5, 5, 5, 4) (7, 6, 6, 6, 5, 5, 5, 5, 4)
(6, 6, 6, 6, 6, 5, 5, 5, 4) (7, 7, 5, 5, 5, 5, 5, 5, 5)
(6, 6, 6, 6, 6, 5, 5, 5, 4) (7, 7, 6, 5, 5, 5, 5, 5, 4)
(7, 6, 6, 5, 5, 5, 5, 5, 5) (7, 6, 6, 5, 5, 5, 5, 5, 5)
9 9 +f14PnN41dKa1QA=
(7, 6, 6, 5, 5, 5, 5, 5, 5) (7, 6, 6, 6, 5, 5, 5, 5, 4)
(7, 6, 6, 5, 5, 5, 5, 5, 5) (7, 7, 5, 5, 5, 5, 5, 5, 5)
(7, 6, 6, 5, 5, 5, 5, 5, 5) (7, 7, 6, 5, 5, 5, 5, 5, 4)
(7, 6, 6, 5, 5, 5, 5, 5, 5) (8, 6, 5, 5, 5, 5, 5, 5, 5)
(7, 6, 6, 5, 5, 5, 5, 5, 5) (8, 6, 6, 5, 5, 5, 5, 5, 4)
(7, 6, 6, 5, 5, 5, 5, 5, 5) (8, 7, 5, 5, 5, 5, 5, 5, 4)
(7, 6, 6, 6, 5, 5, 5, 5, 4) (7, 6, 6, 6, 5, 5, 5, 5, 4)
9 9 /m5ubXtsVad4DgE=
(7, 6, 6, 6, 5, 5, 5, 5, 4) (7, 7, 5, 5, 5, 5, 5, 5, 5)
(7, 6, 6, 6, 5, 5, 5, 5, 4) (7, 7, 6, 5, 5, 5, 5, 5, 4)
(7, 7, 5, 5, 5, 5, 5, 5, 5) (7, 7, 5, 5, 5, 5, 5, 5, 5)
(7, 7, 5, 5, 5, 5, 5, 5, 5) (7, 7, 6, 5, 5, 5, 5, 5, 4)
(7, 7, 6, 5, 5, 5, 5, 5, 4) (7, 7, 6, 5, 5, 5, 5, 5, 4)
(8, 6, 5, 5, 5, 5, 5, 5, 5) (8, 6, 5, 5, 5, 5, 5, 5, 5)
(8, 6, 5, 5, 5, 5, 5, 5, 5) (8, 6, 6, 5, 5, 5, 5, 5, 4)
(8, 6, 5, 5, 5, 5, 5, 5, 5) (8, 7, 5, 5, 5, 5, 5, 5, 4)
(8, 6, 6, 5, 5, 5, 5, 5, 4) (8, 6, 6, 5, 5, 5, 5, 5, 4)
(8, 6, 6, 5, 5, 5, 5, 5, 4) (8, 7, 5, 5, 5, 5, 5, 5, 4)
(8, 7, 5, 5, 5, 5, 5, 5, 4) (8, 7, 5, 5, 5, 5, 5, 5, 4)
z(3,3,9,9) < 50
(6, 6, 6, 6, 6, 5, 5, 5, 5) (6, 6, 6, 6, 6, 5, 5, 5, 5)
(6, 6, 6, 6, 6, 5, 5, 5, 5) (7, 6, 6, 6, 5, 5, 5, 5, 5)
(6, 6, 6, 6, 6, 5, 5, 5, 5) (7, 7, 6, 5, 5, 5, 5, 5, 5)
(7, 6, 6, 6, 5, 5, 5, 5, 5) (7, 6, 6, 6, 5, 5, 5, 5, 5)
(7, 6, 6, 6, 5, 5, 5, 5, 5) (7, 7, 6, 5, 5, 5, 5, 5, 5)
(7, 7, 6, 5, 5, 5, 5, 5, 5) (7, 7, 6, 5, 5, 5, 5, 5, 5)
(8, 6, 6, 5, 5, 5, 5, 5, 5) (8, 6, 6, 5, 5, 5, 5, 5, 5)

z(3,3,9,10) >= 54
9 10 dxw+W6dtZe2Ny+oC
z(3,3,9,10) < 55

z(3,3,9,11) >= 59
9 11 99hZVz0N/4Mvs1VuAQ==
z(3,3,9,11) < 60

z(3,3,9,12) >= 64
9 12 8H8PB78zy9xVreppbgk=
z(3,3,9,12) < 65

z(3,3,9,13) >= 67
9 13 8P8eHvydscy6SqvyNG4J
z(3,3,9,13) < 68

z(3,3,9,14) >= 70
9 14 /8DDMzMP88wzXYfrVlpqKQ==
z(3,3,9,14) < 71
(6, 5, 5, 5, 5, 5, 5, 5, 5, 5, 5, 5, 5, 5) (8, 8, 8, 8, 8, 8, 8, 8, 7)
(6, 6, 5, 5, 5, 5, 5, 5, 5, 5, 5, 5, 5, 4) (8, 8, 8, 8, 8, 8, 8, 8, 7)
(6, 6, 6, 5, 5, 5, 5, 5, 5, 5, 5, 5, 4, 4) (8, 8, 8, 8, 8, 8, 8, 8, 7)
(6, 6, 6, 6, 5, 5, 5, 5, 5, 5, 5, 4, 4, 4) (8, 8, 8, 8, 8, 8, 8, 8, 7)
(7, 5, 5, 5, 5, 5, 5, 5, 5, 5, 5, 5, 5, 4) (8, 8, 8, 8, 8, 8, 8, 8, 7)
(7, 6, 5, 5, 5, 5, 5, 5, 5, 5, 5, 5, 4, 4) (8, 8, 8, 8, 8, 8, 8, 8, 7)
(7, 6, 6, 5, 5, 5, 5, 5, 5, 5, 5, 4, 4, 4) (8, 8, 8, 8, 8, 8, 8, 8, 7)

z(3,3,9,15) >= 73
9 15 f+DHw2RuzFOr1Kpy+Ngz4Gc=
z(3,3,9,15) < 74
(5, 5, 5, 5, 5, 5, 5, 5, 5, 5, 5, 5, 5, 5, 4) (9, 9, 8, 8, 8, 8, 8, 8, 8)
(5, 5, 5, 5, 5, 5, 5, 5, 5, 5, 5, 5, 5, 5, 4) (9, 9, 9, 8, 8, 8, 8, 8, 7)
(5, 5, 5, 5, 5, 5, 5, 5, 5, 5, 5, 5, 5, 5, 4) (9, 9, 9, 9, 8, 8, 8, 7, 7)
(5, 5, 5, 5, 5, 5, 5, 5, 5, 5, 5, 5, 5, 5, 4) (9, 9, 9, 9, 9, 8, 7, 7, 7)
(6, 5, 5, 5, 5, 5, 5, 5, 5, 5, 5, 5, 5, 4, 4) (9, 9, 8, 8, 8, 8, 8, 8, 8)
(6, 5, 5, 5, 5, 5, 5, 5, 5, 5, 5, 5, 5, 4, 4) (9, 9, 9, 8, 8, 8, 8, 8, 7)
(6, 5, 5, 5, 5, 5, 5, 5, 5, 5, 5, 5, 5, 4, 4) (9, 9, 9, 9, 8, 8, 8, 7, 7)
(6, 5, 5, 5, 5, 5, 5, 5, 5, 5, 5, 5, 5, 4, 4) (9, 9, 9, 9, 9, 8, 7, 7, 7)
(6, 5, 5, 5, 5, 5, 5, 5, 5, 5, 5, 5, 5, 4, 4) (10, 8, 8, 8, 8, 8, 8, 8, 8)
(6, 5, 5, 5, 5, 5, 5, 5, 5, 5, 5, 5, 5, 4, 4) (10, 9, 8, 8, 8, 8, 8, 8, 7)
(6, 5, 5, 5, 5, 5, 5, 5, 5, 5, 5, 5, 5, 4, 4) (10, 9, 9, 8, 8, 8, 8, 7, 7)
(6, 5, 5, 5, 5, 5, 5, 5, 5, 5, 5, 5, 5, 4, 4) (10, 9, 9, 9, 8, 8, 7, 7, 7)
(6, 5, 5, 5, 5, 5, 5, 5, 5, 5, 5, 5, 5, 4, 4) (10, 9, 9, 9, 9, 7, 7, 7, 7)
(6, 5, 5, 5, 5, 5, 5, 5, 5, 5, 5, 5, 5, 4, 4) (10, 10, 8, 8, 8, 8, 8, 7, 7)
(6, 5, 5, 5, 5, 5, 5, 5, 5, 5, 5, 5, 5, 4, 4) (10, 10, 9, 8, 8, 8, 7, 7, 7)
(6, 5, 5, 5, 5, 5, 5, 5, 5, 5, 5, 5, 5, 4, 4) (10, 10, 9, 9, 8, 7, 7, 7, 7)
(6, 5, 5, 5, 5, 5, 5, 5, 5, 5, 5, 5, 5, 4, 4) (10, 10, 10, 8, 8, 7, 7, 7, 7)
(6, 6, 5, 5, 5, 5, 5, 5, 5, 5, 5, 5, 4, 4, 4) (9, 9, 8, 8, 8, 8, 8, 8, 8)
(6, 6, 5, 5, 5, 5, 5, 5, 5, 5, 5, 5, 4, 4, 4) (9, 9, 9, 8, 8, 8, 8, 8, 7)
(6, 6, 5, 5, 5, 5, 5, 5, 5, 5, 5, 5, 4, 4, 4) (9, 9, 9, 9, 8, 8, 8, 7, 7)
(6, 6, 5, 5, 5, 5, 5, 5, 5, 5, 5, 5, 4, 4, 4) (9, 9, 9, 9, 9, 8, 7, 7, 7)
(6, 6, 5, 5, 5, 5, 5, 5, 5, 5, 5, 5, 4, 4, 4) (10, 8, 8, 8, 8, 8, 8, 8, 8)
(6, 6, 5, 5, 5, 5, 5, 5, 5, 5, 5, 5, 4, 4, 4) (10, 9, 8, 8, 8, 8, 8, 8, 7)
(6, 6, 5, 5, 5, 5, 5, 5, 5, 5, 5, 5, 4, 4, 4) (10, 9, 9, 8, 8, 8, 8, 7, 7)
(6, 6, 5, 5, 5, 5, 5, 5, 5, 5, 5, 5, 4, 4, 4) (10, 9, 9, 9, 8, 8, 7, 7, 7)
(6, 6, 5, 5, 5, 5, 5, 5, 5, 5, 5, 5, 4, 4, 4) (10, 9, 9, 9, 9, 7, 7, 7, 7)
(6, 6, 5, 5, 5, 5, 5, 5, 5, 5, 5, 5, 4, 4, 4) (10, 10, 8, 8, 8, 8, 8, 7, 7)
(6, 6, 5, 5, 5, 5, 5, 5, 5, 5, 5, 5, 4, 4, 4) (10, 10, 9, 8, 8, 8, 7, 7, 7)
(6, 6, 5, 5, 5, 5, 5, 5, 5, 5, 5, 5, 4, 4, 4) (10, 10, 9, 9, 8, 7, 7, 7, 7)
(6, 6, 5, 5, 5, 5, 5, 5, 5, 5, 5, 5, 4, 4, 4) (10, 10, 10, 8, 8, 7, 7, 7, 7)
(6, 6, 6, 5, 5, 5, 5, 5, 5, 5, 5, 4, 4, 4, 4) (9, 9, 8, 8, 8, 8, 8, 8, 8)
(6, 6, 6, 5, 5, 5, 5, 5, 5, 5, 5, 4, 4, 4, 4) (9, 9, 9, 8, 8, 8, 8, 8, 7)
(6, 6, 6, 5, 5, 5, 5, 5, 5, 5, 5, 4, 4, 4, 4) (9, 9, 9, 9, 8, 8, 8, 7, 7)
(6, 6, 6, 5, 5, 5, 5, 5, 5, 5, 5, 4, 4, 4, 4) (9, 9, 9, 9, 9, 8, 7, 7, 7)
(6, 6, 6, 5, 5, 5, 5, 5, 5, 5, 5, 4, 4, 4, 4) (10, 8, 8, 8, 8, 8, 8, 8, 8)
(6, 6, 6, 5, 5, 5, 5, 5, 5, 5, 5, 4, 4, 4, 4) (10, 9, 8, 8, 8, 8, 8, 8, 7)
(6, 6, 6, 5, 5, 5, 5, 5, 5, 5, 5, 4, 4, 4, 4) (10, 9, 9, 8, 8, 8, 8, 7, 7)
(6, 6, 6, 5, 5, 5, 5, 5, 5, 5, 5, 4, 4, 4, 4) (10, 9, 9, 9, 8, 8, 7, 7, 7)
(6, 6, 6, 5, 5, 5, 5, 5, 5, 5, 5, 4, 4, 4, 4) (10, 9, 9, 9, 9, 7, 7, 7, 7)
(6, 6, 6, 5, 5, 5, 5, 5, 5, 5, 5, 4, 4, 4, 4) (10, 10, 8, 8, 8, 8, 8, 7, 7)
(6, 6, 6, 5, 5, 5, 5, 5, 5, 5, 5, 4, 4, 4, 4) (10, 10, 9, 8, 8, 8, 7, 7, 7)
(6, 6, 6, 5, 5, 5, 5, 5, 5, 5, 5, 4, 4, 4, 4) (10, 10, 9, 9, 8, 7, 7, 7, 7)
(6, 6, 6, 5, 5, 5, 5, 5, 5, 5, 5, 4, 4, 4, 4) (10, 10, 10, 8, 8, 7, 7, 7, 7)
(6, 6, 6, 5, 5, 5, 5, 5, 5, 5, 5, 4, 4, 4, 4) (11, 8, 8, 8, 8, 8, 8, 8, 7)
(6, 6, 6, 5, 5, 5, 5, 5, 5, 5, 5, 4, 4, 4, 4) (11, 9, 8, 8, 8, 8, 8, 7, 7)
(6, 6, 6, 5, 5, 5, 5, 5, 5, 5, 5, 4, 4, 4, 4) (11, 9, 9, 8, 8, 8, 7, 7, 7)
(6, 6, 6, 5, 5, 5, 5, 5, 5, 5, 5, 4, 4, 4, 4) (11, 9, 9, 9, 8, 7, 7, 7, 7)
(6, 6, 6, 5, 5, 5, 5, 5, 5, 5, 5, 4, 4, 4, 4) (11, 10, 8, 8, 8, 8, 7, 7, 7)
(6, 6, 6, 5, 5, 5, 5, 5, 5, 5, 5, 4, 4, 4, 4) (11, 10, 9, 8, 8, 7, 7, 7, 7)
(6, 6, 6, 5, 5, 5, 5, 5, 5, 5, 5, 4, 4, 4, 4) (11, 11, 8, 8, 8, 7, 7, 7, 7)
(6, 6, 6, 6, 5, 5, 5, 5, 5, 5, 4, 4, 4, 4, 4) (9, 9, 8, 8, 8, 8, 8, 8, 8)
(6, 6, 6, 6, 5, 5, 5, 5, 5, 5, 4, 4, 4, 4, 4) (9, 9, 9, 8, 8, 8, 8, 8, 7)
(6, 6, 6, 6, 5, 5, 5, 5, 5, 5, 4, 4, 4, 4, 4) (9, 9, 9, 9, 8, 8, 8, 7, 7)
(6, 6, 6, 6, 5, 5, 5, 5, 5, 5, 4, 4, 4, 4, 4) (9, 9, 9, 9, 9, 8, 7, 7, 7)
(6, 6, 6, 6, 5, 5, 5, 5, 5, 5, 4, 4, 4, 4, 4) (10, 8, 8, 8, 8, 8, 8, 8, 8)
(6, 6, 6, 6, 5, 5, 5, 5, 5, 5, 4, 4, 4, 4, 4) (10, 9, 8, 8, 8, 8, 8, 8, 7)
(6, 6, 6, 6, 5, 5, 5, 5, 5, 5, 4, 4, 4, 4, 4) (10, 9, 9, 8, 8, 8, 8, 7, 7)
(6, 6, 6, 6, 5, 5, 5, 5, 5, 5, 4, 4, 4, 4, 4) (10, 9, 9, 9, 8, 8, 7, 7, 7)
(6, 6, 6, 6, 5, 5, 5, 5, 5, 5, 4, 4, 4, 4, 4) (10, 9, 9, 9, 9, 7, 7, 7, 7)
(6, 6, 6, 6, 5, 5, 5, 5, 5, 5, 4, 4, 4, 4, 4) (10, 10, 8, 8, 8, 8, 8, 7, 7)
(6, 6, 6, 6, 5, 5, 5, 5, 5, 5, 4, 4, 4, 4, 4) (10, 10, 9, 8, 8, 8, 7, 7, 7)
(6, 6, 6, 6, 5, 5, 5, 5, 5, 5, 4, 4, 4, 4, 4) (10, 10, 9, 9, 8, 7, 7, 7, 7)
(6, 6, 6, 6, 5, 5, 5, 5, 5, 5, 4, 4, 4, 4, 4) (10, 10, 10, 8, 8, 7, 7, 7, 7)
(6, 6, 6, 6, 5, 5, 5, 5, 5, 5, 4, 4, 4, 4, 4) (11, 8, 8, 8, 8, 8, 8, 8, 7)
(6, 6, 6, 6, 5, 5, 5, 5, 5, 5, 4, 4, 4, 4, 4) (11, 9, 8, 8, 8, 8, 8, 7, 7)
(6, 6, 6, 6, 5, 5, 5, 5, 5, 5, 4, 4, 4, 4, 4) (11, 9, 9, 8, 8, 8, 7, 7, 7)
(6, 6, 6, 6, 5, 5, 5, 5, 5, 5, 4, 4, 4, 4, 4) (11, 9, 9, 9, 8, 7, 7, 7, 7)
(6, 6, 6, 6, 5, 5, 5, 5, 5, 5, 4, 4, 4, 4, 4) (11, 10, 8, 8, 8, 8, 7, 7, 7)
(6, 6, 6, 6, 5, 5, 5, 5, 5, 5, 4, 4, 4, 4, 4) (11, 10, 9, 8, 8, 7, 7, 7, 7)
(6, 6, 6, 6, 5, 5, 5, 5, 5, 5, 4, 4, 4, 4, 4) (11, 11, 8, 8, 8, 7, 7, 7, 7)
(7, 5, 5, 5, 5, 5, 5, 5, 5, 5, 5, 5, 4, 4, 4) (9, 9, 8, 8, 8, 8, 8, 8, 8)
(7, 5, 5, 5, 5, 5, 5, 5, 5, 5, 5, 5, 4, 4, 4) (9, 9, 9, 8, 8, 8, 8, 8, 7)
(7, 5, 5, 5, 5, 5, 5, 5, 5, 5, 5, 5, 4, 4, 4) (9, 9, 9, 9, 8, 8, 8, 7, 7)
(7, 5, 5, 5, 5, 5, 5, 5, 5, 5, 5, 5, 4, 4, 4) (9, 9, 9, 9, 9, 8, 7, 7, 7)
(7, 5, 5, 5, 5, 5, 5, 5, 5, 5, 5, 5, 4, 4, 4) (10, 8, 8, 8, 8, 8, 8, 8, 8)
(7, 5, 5, 5, 5, 5, 5, 5, 5, 5, 5, 5, 4, 4, 4) (10, 9, 8, 8, 8, 8, 8, 8, 7)
(7, 5, 5, 5, 5, 5, 5, 5, 5, 5, 5, 5, 4, 4, 4) (10, 9, 9, 8, 8, 8, 8, 7, 7)
(7, 5, 5, 5, 5, 5, 5, 5, 5, 5, 5, 5, 4, 4, 4) (10, 9, 9, 9, 8, 8, 7, 7, 7)
(7, 5, 5, 5, 5, 5, 5, 5, 5, 5, 5, 5, 4, 4, 4) (10, 9, 9, 9, 9, 7, 7, 7, 7)
(7, 5, 5, 5, 5, 5, 5, 5, 5, 5, 5, 5, 4, 4, 4) (10, 10, 8, 8, 8, 8, 8, 7, 7)
(7, 5, 5, 5, 5, 5, 5, 5, 5, 5, 5, 5, 4, 4, 4) (10, 10, 9, 8, 8, 8, 7, 7, 7)
(7, 5, 5, 5, 5, 5, 5, 5, 5, 5, 5, 5, 4, 4, 4) (10, 10, 9, 9, 8, 7, 7, 7, 7)
(7, 5, 5, 5, 5, 5, 5, 5, 5, 5, 5, 5, 4, 4, 4) (10, 10, 10, 8, 8, 7, 7, 7, 7)
(7, 6, 5, 5, 5, 5, 5, 5, 5, 5, 5, 4, 4, 4, 4) (9, 9, 8, 8, 8, 8, 8, 8, 8)
(7, 6, 5, 5, 5, 5, 5, 5, 5, 5, 5, 4, 4, 4, 4) (9, 9, 9, 8, 8, 8, 8, 8, 7)
(7, 6, 5, 5, 5, 5, 5, 5, 5, 5, 5, 4, 4, 4, 4) (9, 9, 9, 9, 8, 8, 8, 7, 7)
(7, 6, 5, 5, 5, 5, 5, 5, 5, 5, 5, 4, 4, 4, 4) (9, 9, 9, 9, 9, 8, 7, 7, 7)
(7, 6, 5, 5, 5, 5, 5, 5, 5, 5, 5, 4, 4, 4, 4) (10, 8, 8, 8, 8, 8, 8, 8, 8)
(7, 6, 5, 5, 5, 5, 5, 5, 5, 5, 5, 4, 4, 4, 4) (10, 9, 8, 8, 8, 8, 8, 8, 7)
(7, 6, 5, 5, 5, 5, 5, 5, 5, 5, 5, 4, 4, 4, 4) (10, 9, 9, 8, 8, 8, 8, 7, 7)
(7, 6, 5, 5, 5, 5, 5, 5, 5, 5, 5, 4, 4, 4, 4) (10, 9, 9, 9, 8, 8, 7, 7, 7)
(7, 6, 5, 5, 5, 5, 5, 5, 5, 5, 5, 4, 4, 4, 4) (10, 9, 9, 9, 9, 7, 7, 7, 7)
(7, 6, 5, 5, 5, 5, 5, 5, 5, 5, 5, 4, 4, 4, 4) (10, 10, 8, 8, 8, 8, 8, 7, 7)
(7, 6, 5, 5, 5, 5, 5, 5, 5, 5, 5, 4, 4, 4, 4) (10, 10, 9, 8, 8, 8, 7, 7, 7)
(7, 6, 5, 5, 5, 5, 5, 5, 5, 5, 5, 4, 4, 4, 4) (10, 10, 9, 9, 8, 7, 7, 7, 7)
(7, 6, 5, 5, 5, 5, 5, 5, 5, 5, 5, 4, 4, 4, 4) (10, 10, 10, 8, 8, 7, 7, 7, 7)
(7, 6, 5, 5, 5, 5, 5, 5, 5, 5, 5, 4, 4, 4, 4) (11, 8, 8, 8, 8, 8, 8, 8, 7)
(7, 6, 5, 5, 5, 5, 5, 5, 5, 5, 5, 4, 4, 4, 4) (11, 9, 8, 8, 8, 8, 8, 7, 7)
(7, 6, 5, 5, 5, 5, 5, 5, 5, 5, 5, 4, 4, 4, 4) (11, 9, 9, 8, 8, 8, 7, 7, 7)
(7, 6, 5, 5, 5, 5, 5, 5, 5, 5, 5, 4, 4, 4, 4) (11, 9, 9, 9, 8, 7, 7, 7, 7)
(7, 6, 5, 5, 5, 5, 5, 5, 5, 5, 5, 4, 4, 4, 4) (11, 10, 8, 8, 8, 8, 7, 7, 7)
(7, 6, 5, 5, 5, 5, 5, 5, 5, 5, 5, 4, 4, 4, 4) (11, 10, 9, 8, 8, 7, 7, 7, 7)
(7, 6, 5, 5, 5, 5, 5, 5, 5, 5, 5, 4, 4, 4, 4) (11, 11, 8, 8, 8, 7, 7, 7, 7)
(7, 6, 6, 5, 5, 5, 5, 5, 5, 5, 4, 4, 4, 4, 4) (9, 9, 8, 8, 8, 8, 8, 8, 8)
(7, 6, 6, 5, 5, 5, 5, 5, 5, 5, 4, 4, 4, 4, 4) (9, 9, 9, 8, 8, 8, 8, 8, 7)
(7, 6, 6, 5, 5, 5, 5, 5, 5, 5, 4, 4, 4, 4, 4) (9, 9, 9, 9, 8, 8, 8, 7, 7)
(7, 6, 6, 5, 5, 5, 5, 5, 5, 5, 4, 4, 4, 4, 4) (9, 9, 9, 9, 9, 8, 7, 7, 7)
(7, 6, 6, 5, 5, 5, 5, 5, 5, 5, 4, 4, 4, 4, 4) (10, 8, 8, 8, 8, 8, 8, 8, 8)
(7, 6, 6, 5, 5, 5, 5, 5, 5, 5, 4, 4, 4, 4, 4) (10, 9, 8, 8, 8, 8, 8, 8, 7)
(7, 6, 6, 5, 5, 5, 5, 5, 5, 5, 4, 4, 4, 4, 4) (10, 9, 9, 8, 8, 8, 8, 7, 7)
(7, 6, 6, 5, 5, 5, 5, 5, 5, 5, 4, 4, 4, 4, 4) (10, 9, 9, 9, 8, 8, 7, 7, 7)
(7, 6, 6, 5, 5, 5, 5, 5, 5, 5, 4, 4, 4, 4, 4) (10, 9, 9, 9, 9, 7, 7, 7, 7)
(7, 6, 6, 5, 5, 5, 5, 5, 5, 5, 4, 4, 4, 4, 4) (10, 10, 8, 8, 8, 8, 8, 7, 7)
(7, 6, 6, 5, 5, 5, 5, 5, 5, 5, 4, 4, 4, 4, 4) (10, 10, 9, 8, 8, 8, 7, 7, 7)
(7, 6, 6, 5, 5, 5, 5, 5, 5, 5, 4, 4, 4, 4, 4) (10, 10, 9, 9, 8, 7, 7, 7, 7)
(7, 6, 6, 5, 5, 5, 5, 5, 5, 5, 4, 4, 4, 4, 4) (10, 10, 10, 8, 8, 7, 7, 7, 7)
(7, 6, 6, 5, 5, 5, 5, 5, 5, 5, 4, 4, 4, 4, 4) (11, 8, 8, 8, 8, 8, 8, 8, 7)
(7, 6, 6, 5, 5, 5, 5, 5, 5, 5, 4, 4, 4, 4, 4) (11, 9, 8, 8, 8, 8, 8, 7, 7)
(7, 6, 6, 5, 5, 5, 5, 5, 5, 5, 4, 4, 4, 4, 4) (11, 9, 9, 8, 8, 8, 7, 7, 7)
(7, 6, 6, 5, 5, 5, 5, 5, 5, 5, 4, 4, 4, 4, 4) (11, 9, 9, 9, 8, 7, 7, 7, 7)
(7, 6, 6, 5, 5, 5, 5, 5, 5, 5, 4, 4, 4, 4, 4) (11, 10, 8, 8, 8, 8, 7, 7, 7)
(7, 6, 6, 5, 5, 5, 5, 5, 5, 5, 4, 4, 4, 4, 4) (11, 10, 9, 8, 8, 7, 7, 7, 7)
(7, 6, 6, 5, 5, 5, 5, 5, 5, 5, 4, 4, 4, 4, 4) (11, 11, 8, 8, 8, 7, 7, 7, 7)

z(3,3,9,16) >= 77
9 16 P+DHY9ms4tVofjMPrRmeFlSb
z(3,3,9,16) < 78

