z(4,4,4,4) >= 15
(4, 4, 4, 3) (4, 4, 4, 3)
4 4 /38=

z(4,4,5,5) >= 22
(5, 5, 4, 4, 4) (5, 5, 4, 4, 4)
5 5 /7+7AQ==

z(4,4,6,6) >= 31
(6, 5, 5, 5, 5, 5) (6, 5, 5, 5, 5, 5)
6 6 //feew8=
z(4,4,6,6) < 32

z(4,4,6,7) >= 36
6 7 v+/7vu8D
z(4,4,6,7) < 37

z(4,4,6,8) >= 39
6 8 v9/v831+
z(4,4,6,8) < 40

z(4,4,6,9) >= 43
6 9 v7+9nd/XHw==
z(4,4,6,9) < 44

z(4,4,6,10) >= 47
6 10 n7937979+gU=
z(4,4,6,10) < 48

z(4,4,6,11) >= 51
6 11 v/vu+ffcL78C
z(4,4,6,11) < 52

z(4,4,6,12) >= 55
6 12 n/8+97zXfeev
z(4,4,6,12) < 56

z(4,4,6,13) >= 59
6 13 n//93Od93df8LA==
z(4,4,6,13) < 60

z(4,4,7,7) >= 42
(6, 6, 6, 6, 6, 6, 6) (6, 6, 6, 6, 6, 6, 6)
7 7 v+/7vu/7AQ==
z(4,4,7,7) < 43

z(4,4,7,8) >= 45
7 8 7/f7P1/dvg==
z(4,4,7,8) < 46

z(4,4,7,9) >= 49
7 9 9/983tfe91M=
z(4,4,7,9) < 50
(6, 6, 6, 6, 6, 5, 5, 5, 5) (8, 7, 7, 7, 7, 7, 7)

z(4,4,7,10) >= 54
7 10 9+/Xr98fv/Ys
z(4,4,7,10) < 55

z(4,4,7,11) >= 58
7 11 ++vvHz/9urNbHw==
z(4,4,7,11) < 59
(6, 6, 6, 6, 5, 5, 5, 5, 5, 5, 5) (9, 9, 9, 8, 8, 8, 8)
(6, 6, 6, 6, 5, 5, 5, 5, 5, 5, 5) (10, 9, 8, 8, 8, 8, 8)
(7, 6, 6, 5, 5, 5, 5, 5, 5, 5, 5) (9, 9, 9, 8, 8, 8, 8)
(7, 6, 6, 5, 5, 5, 5, 5, 5, 5, 5) (10, 9, 8, 8, 8, 8, 8)

z(4,4,7,12) >= 63
7 12 +9e/f/z4vn1tZws=
z(4,4,7,12) < 64

z(4,4,7,13) >= 68
7 13 +5///4cf92yv9mkH
z(4,4,7,13) < 69

z(4,4,7,14) >= 72
7 14 /Y///Ec/7rfdtjv2Aw==
z(4,4,7,14) < 73
(6, 6, 6, 5, 5, 5, 5, 5, 5, 5, 5, 5, 5, 5) (11, 11, 11, 10, 10, 10, 10)
(6, 6, 6, 5, 5, 5, 5, 5, 5, 5, 5, 5, 5, 5) (12, 11, 10, 10, 10, 10, 10)

z(4,4,8,8) >= 51
(7, 7, 7, 6, 6, 6, 6, 6) (7, 7, 7, 6, 6, 6, 6, 6)
8 8 +/3+P1+v1+c=
8 8 +/3+P1/Pt+c=
z(4,4,8,8) < 52

z(4,4,8,9) >= 55
8 9 /v98fn0v/9rq
z(4,4,8,9) < 56
(7, 7, 6, 6, 6, 6, 6, 6, 6) (7, 7, 7, 7, 7, 7, 7, 7)
(7, 7, 7, 6, 6, 6, 6, 6, 5) (7, 7, 7, 7, 7, 7, 7, 7)
(8, 6, 6, 6, 6, 6, 6, 6, 6) (7, 7, 7, 7, 7, 7, 7, 7)
(8, 7, 6, 6, 6, 6, 6, 6, 5) (7, 7, 7, 7, 7, 7, 7, 7)

z(4,4,8,10) >= 60
8 10 //z8/Pxd1+eu7g==
z(4,4,8,10) < 61
(7, 6, 6, 6, 6, 6, 6, 6, 6, 6) (8, 8, 8, 8, 8, 7, 7, 7)
(7, 6, 6, 6, 6, 6, 6, 6, 6, 6) (9, 8, 8, 8, 7, 7, 7, 7)
(7, 6, 6, 6, 6, 6, 6, 6, 6, 6) (9, 9, 8, 7, 7, 7, 7, 7)

z(4,4,8,11) >= 65
8 11 //z4W2+3vvh7j98=
z(4,4,8,11) < 66
(6, 6, 6, 6, 6, 6, 6, 6, 6, 6, 6) (9, 9, 8, 8, 8, 8, 8, 8)
(6, 6, 6, 6, 6, 6, 6, 6, 6, 6, 6) (10, 8, 8, 8, 8, 8, 8, 8)

z(4,4,8,12) >= 70
8 12 //TTX3t++af9rWuv
z(4,4,8,12) < 71

z(4,4,8,13) >= 75
8 13 /+znPr+rvZvrrfrlXw==
z(4,4,8,13) < 76

z(4,4,8,14) >= 80
8 14 /8zH93ae57tz/Oet858=
z(4,4,8,14) < 81

z(4,4,9,9) >= 61
(7, 7, 7, 7, 7, 7, 7, 6, 6) (7, 7, 7, 7, 7, 7, 7, 6, 6)
(7, 7, 7, 7, 7, 7, 7, 6, 6) (8, 7, 7, 7, 7, 7, 6, 6, 6)
(7, 7, 7, 7, 7, 7, 7, 6, 6) (8, 8, 7, 7, 7, 6, 6, 6, 6)
(7, 7, 7, 7, 7, 7, 7, 6, 6) (9, 7, 7, 7, 7, 6, 6, 6, 6)
(8, 7, 7, 7, 7, 7, 6, 6, 6) (8, 7, 7, 7, 7, 7, 6, 6, 6)
9 9 /r+9Pb+7962tfQA=
9 9 /r+9Pb+79609XQE=
9 9 /r+9Pb+7362tPQE=
9 9 /r+9Pb+7+609PQE=
9 9 /r+9Pb+v962dXQE=
9 9 /r+9Pb+9962dfQA=
9 9 /r+9Pb87/8dbfQA=
9 9 /r+9u7s7/8fTfQA=
9 9 /r+9vbc7/8fTfQA=
9 9 /r+9vbs7/+NbfQA=
9 9 /r+9vbc7/+ObfQA=
9 9 /r+9vbs7/6vLfQA=
9 9 /r+9u7s7/8vLfQA=
9 9 /r+9vb47/6ubfQA=
9 9 /r89v7s7/8tbfQA=
9 9 /r+9vb2+951dXQE=
9 9 /r+9vbe+981dXQE=
9 9 /r+9vb6+981dfQA=
9 9 /r+9vb2++51dPQE=
9 9 /r+9vb2+/sddfQA=
9 9 /r+9vb2+99VdfQA=
9 9 /r+9vbe+98dddQE=
9 9 /r+9vb2+38dddQE=
9 9 /r+9vb2+39VdPQE=
9 9 /r89vzu/98tdfQA=
9 9 /r+9uzu/98tdXQE=
9 9 /r+9uzu/98ddbQE=
9 9 /r+9vT2/38c9rQE=
9 9 /r+9vT2/3+M9PQE=
9 9 /r+9vT2/7+M9vQA=
9 9 /r+9vT2/76s9nQE=
9 9 /r+9vT2/+6s9PQE=
9 9 /r+9vT2//cc9vQA=
9 9 /r+9vb679811fQA=
9 9 /r+9vb677811vQA=
9 9 /r+9vb6776ub+QA=
9 9 /r+9vb6396ub+QA=
9 9 /r+9vb63981d7QA=
9 9 /r+9vb6798097QA=
9 9 /r+9vb67/c09vQA=
9 9 /r+9vbe79+mtfQA=
9 9 /r+9vb2737mtPQE=
9 9 /r+9vb2777mtvQA=
9 9 /r+9vbe77+mtvQA=
9 9 /r+9vb2337nNPQE=
9 9 /r+9vb2397nNfQA=
9 9 /r+9vbe39+nNfQA=
9 9 /r+9u7u39+nNfQA=
9 9 /r+9u7u77+mtvQA=
9 9 /r+9u7u79+mtfQA=
9 9 /r+9u7u79+k9XQE=
9 9 /r+9vbe79+k9XQE=
9 9 /r+9vb2v97mdXQE=
9 9 /r+9vb2v77mdnQE=
9 9 /r+9vb2777k9nQE=
9 9 /r+9vbe77+k9nQE=
9 9 /r+9u7u77+k9nQE=
9 9 /r+9u7u39+ldXQE=
9 9 /r+9vbe39+ldXQE=
9 9 /r+9vb2397ldXQE=
9 9 /r+9vb23+7ldPQE=
9 9 /r+9vb27+7k9PQE=
9 9 /r+9vb273+M7eQE=
9 9 /r+9vb2v9+M7eQE=
9 9 /r+9vb2v9+O5fQA=
9 9 /r+9vbuv9+PZfQA=
9 9 /r+9vbuv9+NbeQE=
9 9 /r+9vbu79+N5fQA=
9 9 /r+9vbu73+NbeQE=
9 9 /r+9vbu73+N5PQE=
9 9 /r+9vbe79+O5fQA=
9 9 /r+9vbe77+O5vQA=
9 9 /r+9vbe77+Ob+QA=
9 9 /r+9vb277+M7+QA=
9 9 /r+9vb2v7+M7uQE=
9 9 /r+9vb2v7+O5vQA=
9 9 /r+9vb233+M7uQE=
9 9 /r+9vb233+N5PQE=
9 9 /r+9vb239+N5fQA=
9 9 /r+9vb239+M7+QA=
9 9 /r+9vbe39+Ob+QA=
9 9 /r+9vbe39+PZfQA=
9 9 /r+9u7u398vL+QA=
9 9 /r+9vb2396ur+QA=
9 9 /r+9vb2336uruQE=
9 9 /r+9vb2v96ureQE=
9 9 /r+9vb2736ureQE=
9 9 /r+9vbu736vLeQE=
9 9 /r+9vbuv96vLeQE=
9 9 /r+9u7u778vL+QA=
9 9 /r+9vb2776ur+QA=
9 9 /r+9vb2v76uruQE=
9 9 /r+9vb2v76u5nQE=
9 9 /r+9u7u778t5nQE=
9 9 /r+9vbe776u5nQE=
9 9 /r+9vbe796u5XQE=
9 9 /r+9vbu796t5XQE=
9 9 /r+9u7u798t5XQE=
9 9 /r+9vbuv96vZXQE=
9 9 /r+9vb2v96u5XQE=
9 9 /r+9vb2396t5XQE=
9 9 /r+9vbe396vZXQE=
9 9 /r+9vb23+6t5PQE=
9 9 /r+9vbu7+6t5PQE=
9 9 /r89v7u798t5fQA=
9 9 /r89v7u778tb+QA=
9 9 /r89v7u778t5vQA=
9 9 /r89v7u398tb+QA=
9 9 /r+9vb2997mdfQA=
9 9 /r+9vb2977mdvQA=
9 9 /r+9vb29/qudfQA=
9 9 /r+9u7u7/sutvQA=
9 9 /r+9vb2v/uOdfQA=
9 9 /r+9vb23/uNdfQA=
9 9 /r+9vb23/qvNfQA=
9 9 /r89v7u7/ss9vQA=
9 9 /r+9u7u778d5rQE=
9 9 /r+9vbu738d5rQE=
9 9 /r+9vbe798e57QA=
9 9 /r+9vbu798d57QA=
9 9 /r+9u7u798d5bQE=
9 9 /r+9vbuv98fZ7QA=
9 9 /r+9vb2v98e57QA=
9 9 /r+9vb2398d57QA=
9 9 /r+9vb2338d5rQE=
9 9 /r+9vbe398fZ7QA=
9 9 /r+9vbe7/ce5vQA=
9 9 /r+9vb2v/ce5vQA=
9 9 /r+9vb29952d7QA=
9 9 /r+9vbu9962d7QA=
9 9 /r+9vb29/Z2dvQA=
9 9 /r+9vb2v/dWdvQA=
9 9 /r+9vb2v99Wd7QA=
9 9 /r+9vb2739U9rQE=
9 9 /r+9vb27352trQE=
9 9 /r+9vb27/Z2tvQA=
9 9 /r+9vb27/dU9vQA=
9 9 /r+9u7u77+U9rQE=
9 9 /r+9u7u7762trQE=
9 9 /r+9vbu7362trQE=
9 9 /r+9vbu73+U9rQE=
9 9 /r+9vbe7/c2tvQA=
9 9 /r+9vbe7982t7QA=
9 9 /r+9vbu7962t7QA=
9 9 /r+9vbu79+U97QA=
9 9 /r+9vbuv9+Wd7QA=
9 9 /r+9u7u79+U9bQE=
9 9 /r+9u7u7962tbQE=
9 9 /r+9u7u3963NbQE=
9 9 /r+9u7u39+VdbQE=
9 9 /r+9vb2399Vd7QA=
9 9 /r+9vb23953N7QA=
9 9 /r+9vbe3983N7QA=
9 9 /r+9vb23353NrQE=
9 9 /r+9vb2339VdrQE=
9 9 /r+9vb2338dzuQE=
9 9 /r+9vbe398fT+QA=
9 9 /r+9u7u398fT+QA=
9 9 /r+9u7u39+XVfQA=
9 9 /r+9u7u3963VXQE=
9 9 /r+9vb2398dz+QA=
9 9 /r+9vb2v98dzeQE=
9 9 /r+9vb2v78dzuQE=
9 9 /r+9vb2778dz+QA=
9 9 /r+9vb2738dzeQE=
9 9 /r+9vbe778fT+QA=
9 9 /r+9u7u778fT+QA=
9 9 /r+9u7u77+W1vQA=
9 9 /r+9u7u77621nQE=
9 9 /r+9u7u79621XQE=
9 9 /r+9u7u79+W1fQA=
9 9 /r+9vbu79+V1fQA=
9 9 /r+9vbu79611XQE=
9 9 /r+9vbu73+V1PQE=
9 9 /r+9vbuv963VXQE=
9 9 /r+9vbuv9+XVfQA=
9 9 /r+9vb2v99XVfQA=
9 9 /r+9vb2v79XVvQA=
9 9 /r+9vb2v753VnQE=
9 9 /r+9vb2v953VXQE=
9 9 /r+9vb277511nQE=
9 9 /r+9vbe77811nQE=
9 9 /r+9vbe79811XQE=
9 9 /r+9vb2739V1PQE=
9 9 /r+9vb2779V1vQA=
9 9 /r+9vb2v/sfVfQA=
9 9 /r+9u7u7/se1vQA=
9 9 /r89v7u798s99QA=
9 9 /r89v7u398td9QA=
9 9 /r+9u7u398vN9QA=
9 9 /r+9u7u798ut9QA=
9 9 /r+9vbu796ut9QA=
9 9 /r+9vbu79+M99QA=
9 9 /r+9vbuv9+Od9QA=
9 9 /r+9vbe79+M9dQE=
9 9 /r+9vbe796utdQE=
9 9 /r+9vbe396vNdQE=
9 9 /r+9vbe39+NddQE=
9 9 /r+9vb233+NddQE=
9 9 /r+9vb2336vNdQE=
9 9 /r+9vb2736utdQE=
9 9 /r+9vb273+M9dQE=
9 9 /r+9vb277+M99QA=
9 9 /r+9vb2v7+Od9QA=
9 9 /r+9vbe77+M9tQE=
9 9 /r+9vbe776uttQE=
9 9 /r+9vb2776ut9QA=
9 9 /r+9vbu736uttQE=
9 9 /r+9vbu73+M9tQE=
9 9 /r+9vbu738d1tQE=
9 9 /r+9vbu798d19QA=
9 9 /r+9vbuv98fV9QA=
9 9 /r+9Pb+738dbeQE=
9 9 /r+9Pb+v98dbeQE=
9 9 /r+9u7u398fV9QA=
9 9 /r+9vb2v78fV9QA=
9 9 /r+9vb2778d19QA=
9 9 /r+9vbe778d1tQE=
9 9 /r+9vb2976ud9QA=
9 9 /r+9vbu996ud9QA=
9 9 /r+9vbe798d1dQE=
9 9 /r+9u7u798e19QA=
9 9 /r+9vb2738d1dQE=
9 9 /r+9vb27+511PQE=
9 9 /r+9vbu7+611PQE=
(8, 7, 7, 7, 7, 7, 6, 6, 6) (8, 8, 7, 7, 7, 6, 6, 6, 6)
(8, 7, 7, 7, 7, 7, 6, 6, 6) (9, 7, 7, 7, 7, 6, 6, 6, 6)
(8, 8, 7, 7, 7, 6, 6, 6, 6) (8, 8, 7, 7, 7, 6, 6, 6, 6)
9 9 /f3/eX392c1dWwE=
9 9 /f3/eX392c2d2wA=
9 9 /f2/u7v74+NrewA=
9 9 /f2/u7v749Nb2wA=
9 9 /f2/u7v748tr2wA=
9 9 /f2/u7v709PLewA=
9 9 /f2/u7v7y+PLewA=
9 9 /f2/u7v7y+NbWwE=
9 9 /f2/u7v709NbWwE=
9 9 /f2/u7v7x9PL2wA=
9 9 /f2/u7v7x+NrWwE=
9 9 /f2/u7v708trWwE=
9 9 /f2/u7v7y8vL2wA=
z(4,4,9,9) < 62

z(4,4,9,10) >= 67
9 10 /j8//zcv37Vrn70B
z(4,4,9,10) < 68

z(4,4,9,11) >= 72
9 11 33nz4++119n3zZ+8Bw==
z(4,4,9,11) < 73
(7, 7, 7, 7, 7, 7, 7, 6, 6, 6, 6) (9, 8, 8, 8, 8, 8, 8, 8, 8)
(8, 7, 7, 7, 7, 7, 6, 6, 6, 6, 6) (9, 8, 8, 8, 8, 8, 8, 8, 8)
(8, 8, 7, 7, 7, 6, 6, 6, 6, 6, 6) (9, 8, 8, 8, 8, 8, 8, 8, 8)
(9, 7, 7, 7, 7, 6, 6, 6, 6, 6, 6) (9, 8, 8, 8, 8, 8, 8, 8, 8)

z(4,4,9,12) >= 78
9 12 /v8+97zzT31529pnvQk=
z(4,4,9,12) < 79

z(4,4,9,13) >= 84
9 13 /v99vPHbdm139dbrud0Z
z(4,4,9,13) < 85

z(4,4,9,14) >= 88
9 14 /8Mdv9v1ul23d+7uHn5rMw==
z(4,4,9,14) < 89
(7, 7, 7, 7, 7, 6, 6, 6, 6, 6, 6, 6, 6, 6) (10, 10, 10, 10, 10, 10, 10, 10, 9)
(7, 7, 7, 7, 7, 6, 6, 6, 6, 6, 6, 6, 6, 6) (11, 10, 10, 10, 10, 10, 10, 9, 9)
(7, 7, 7, 7, 7, 6, 6, 6, 6, 6, 6, 6, 6, 6) (11, 11, 10, 10, 10, 10, 9, 9, 9)
(7, 7, 7, 7, 7, 6, 6, 6, 6, 6, 6, 6, 6, 6) (11, 11, 11, 10, 10, 9, 9, 9, 9)
(7, 7, 7, 7, 7, 6, 6, 6, 6, 6, 6, 6, 6, 6) (11, 11, 11, 11, 9, 9, 9, 9, 9)
(7, 7, 7, 7, 7, 6, 6, 6, 6, 6, 6, 6, 6, 6) (12, 10, 10, 10, 10, 10, 9, 9, 9)
(7, 7, 7, 7, 7, 6, 6, 6, 6, 6, 6, 6, 6, 6) (12, 11, 10, 10, 10, 9, 9, 9, 9)
(7, 7, 7, 7, 7, 6, 6, 6, 6, 6, 6, 6, 6, 6) (12, 11, 11, 10, 9, 9, 9, 9, 9)
(7, 7, 7, 7, 7, 6, 6, 6, 6, 6, 6, 6, 6, 6) (12, 12, 10, 10, 9, 9, 9, 9, 9)
(7, 7, 7, 7, 7, 6, 6, 6, 6, 6, 6, 6, 6, 6) (12, 12, 11, 9, 9, 9, 9, 9, 9)
(7, 7, 7, 7, 7, 7, 6, 6, 6, 6, 6, 6, 6, 5) (10, 10, 10, 10, 10, 10, 10, 10, 9)
(7, 7, 7, 7, 7, 7, 6, 6, 6, 6, 6, 6, 6, 5) (11, 10, 10, 10, 10, 10, 10, 9, 9)
(7, 7, 7, 7, 7, 7, 6, 6, 6, 6, 6, 6, 6, 5) (11, 11, 10, 10, 10, 10, 9, 9, 9)
(7, 7, 7, 7, 7, 7, 6, 6, 6, 6, 6, 6, 6, 5) (11, 11, 11, 10, 10, 9, 9, 9, 9)
(7, 7, 7, 7, 7, 7, 6, 6, 6, 6, 6, 6, 6, 5) (11, 11, 11, 11, 9, 9, 9, 9, 9)
(7, 7, 7, 7, 7, 7, 6, 6, 6, 6, 6, 6, 6, 5) (12, 10, 10, 10, 10, 10, 9, 9, 9)
(7, 7, 7, 7, 7, 7, 6, 6, 6, 6, 6, 6, 6, 5) (12, 11, 10, 10, 10, 9, 9, 9, 9)
(7, 7, 7, 7, 7, 7, 6, 6, 6, 6, 6, 6, 6, 5) (12, 11, 11, 10, 9, 9, 9, 9, 9)
(7, 7, 7, 7, 7, 7, 6, 6, 6, 6, 6, 6, 6, 5) (12, 12, 10, 10, 9, 9, 9, 9, 9)
(7, 7, 7, 7, 7, 7, 6, 6, 6, 6, 6, 6, 6, 5) (12, 12, 11, 9, 9, 9, 9, 9, 9)
(8, 7, 7, 7, 6, 6, 6, 6, 6, 6, 6, 6, 6, 6) (10, 10, 10, 10, 10, 10, 10, 10, 9)
(8, 7, 7, 7, 6, 6, 6, 6, 6, 6, 6, 6, 6, 6) (11, 10, 10, 10, 10, 10, 10, 9, 9)
(8, 7, 7, 7, 6, 6, 6, 6, 6, 6, 6, 6, 6, 6) (11, 11, 10, 10, 10, 10, 9, 9, 9)
(8, 7, 7, 7, 6, 6, 6, 6, 6, 6, 6, 6, 6, 6) (11, 11, 11, 10, 10, 9, 9, 9, 9)
(8, 7, 7, 7, 6, 6, 6, 6, 6, 6, 6, 6, 6, 6) (11, 11, 11, 11, 9, 9, 9, 9, 9)
(8, 7, 7, 7, 6, 6, 6, 6, 6, 6, 6, 6, 6, 6) (12, 10, 10, 10, 10, 10, 9, 9, 9)
(8, 7, 7, 7, 6, 6, 6, 6, 6, 6, 6, 6, 6, 6) (12, 11, 10, 10, 10, 9, 9, 9, 9)
(8, 7, 7, 7, 6, 6, 6, 6, 6, 6, 6, 6, 6, 6) (12, 11, 11, 10, 9, 9, 9, 9, 9)
(8, 7, 7, 7, 6, 6, 6, 6, 6, 6, 6, 6, 6, 6) (12, 12, 10, 10, 9, 9, 9, 9, 9)
(8, 7, 7, 7, 6, 6, 6, 6, 6, 6, 6, 6, 6, 6) (12, 12, 11, 9, 9, 9, 9, 9, 9)
(8, 7, 7, 7, 6, 6, 6, 6, 6, 6, 6, 6, 6, 6) (13, 10, 10, 10, 10, 9, 9, 9, 9)
(8, 7, 7, 7, 6, 6, 6, 6, 6, 6, 6, 6, 6, 6) (13, 11, 10, 10, 9, 9, 9, 9, 9)
(8, 7, 7, 7, 6, 6, 6, 6, 6, 6, 6, 6, 6, 6) (13, 11, 11, 9, 9, 9, 9, 9, 9)
(8, 7, 7, 7, 6, 6, 6, 6, 6, 6, 6, 6, 6, 6) (13, 12, 10, 9, 9, 9, 9, 9, 9)
(8, 7, 7, 7, 6, 6, 6, 6, 6, 6, 6, 6, 6, 6) (13, 13, 9, 9, 9, 9, 9, 9, 9)
(8, 7, 7, 7, 7, 6, 6, 6, 6, 6, 6, 6, 6, 5) (10, 10, 10, 10, 10, 10, 10, 10, 9)
(8, 7, 7, 7, 7, 6, 6, 6, 6, 6, 6, 6, 6, 5) (11, 10, 10, 10, 10, 10, 10, 9, 9)
(8, 7, 7, 7, 7, 6, 6, 6, 6, 6, 6, 6, 6, 5) (11, 11, 10, 10, 10, 10, 9, 9, 9)
(8, 7, 7, 7, 7, 6, 6, 6, 6, 6, 6, 6, 6, 5) (11, 11, 11, 10, 10, 9, 9, 9, 9)
(8, 7, 7, 7, 7, 6, 6, 6, 6, 6, 6, 6, 6, 5) (11, 11, 11, 11, 9, 9, 9, 9, 9)
(8, 7, 7, 7, 7, 6, 6, 6, 6, 6, 6, 6, 6, 5) (12, 10, 10, 10, 10, 10, 9, 9, 9)
(8, 7, 7, 7, 7, 6, 6, 6, 6, 6, 6, 6, 6, 5) (12, 11, 10, 10, 10, 9, 9, 9, 9)
(8, 7, 7, 7, 7, 6, 6, 6, 6, 6, 6, 6, 6, 5) (12, 11, 11, 10, 9, 9, 9, 9, 9)
(8, 7, 7, 7, 7, 6, 6, 6, 6, 6, 6, 6, 6, 5) (12, 12, 10, 10, 9, 9, 9, 9, 9)
(8, 7, 7, 7, 7, 6, 6, 6, 6, 6, 6, 6, 6, 5) (12, 12, 11, 9, 9, 9, 9, 9, 9)
(8, 7, 7, 7, 7, 6, 6, 6, 6, 6, 6, 6, 6, 5) (13, 10, 10, 10, 10, 9, 9, 9, 9)
(8, 7, 7, 7, 7, 6, 6, 6, 6, 6, 6, 6, 6, 5) (13, 11, 10, 10, 9, 9, 9, 9, 9)
(8, 7, 7, 7, 7, 6, 6, 6, 6, 6, 6, 6, 6, 5) (13, 11, 11, 9, 9, 9, 9, 9, 9)
(8, 7, 7, 7, 7, 6, 6, 6, 6, 6, 6, 6, 6, 5) (13, 12, 10, 9, 9, 9, 9, 9, 9)
(8, 7, 7, 7, 7, 6, 6, 6, 6, 6, 6, 6, 6, 5) (13, 13, 9, 9, 9, 9, 9, 9, 9)
(8, 8, 7, 6, 6, 6, 6, 6, 6, 6, 6, 6, 6, 6) (10, 10, 10, 10, 10, 10, 10, 10, 9)
(8, 8, 7, 6, 6, 6, 6, 6, 6, 6, 6, 6, 6, 6) (11, 10, 10, 10, 10, 10, 10, 9, 9)
(8, 8, 7, 6, 6, 6, 6, 6, 6, 6, 6, 6, 6, 6) (11, 11, 10, 10, 10, 10, 9, 9, 9)
(8, 8, 7, 6, 6, 6, 6, 6, 6, 6, 6, 6, 6, 6) (11, 11, 11, 10, 10, 9, 9, 9, 9)
(8, 8, 7, 6, 6, 6, 6, 6, 6, 6, 6, 6, 6, 6) (11, 11, 11, 11, 9, 9, 9, 9, 9)
(8, 8, 7, 6, 6, 6, 6, 6, 6, 6, 6, 6, 6, 6) (12, 10, 10, 10, 10, 10, 9, 9, 9)
(8, 8, 7, 6, 6, 6, 6, 6, 6, 6, 6, 6, 6, 6) (12, 11, 10, 10, 10, 9, 9, 9, 9)
(8, 8, 7, 6, 6, 6, 6, 6, 6, 6, 6, 6, 6, 6) (12, 11, 11, 10, 9, 9, 9, 9, 9)
(8, 8, 7, 6, 6, 6, 6, 6, 6, 6, 6, 6, 6, 6) (12, 12, 10, 10, 9, 9, 9, 9, 9)
(8, 8, 7, 6, 6, 6, 6, 6, 6, 6, 6, 6, 6, 6) (12, 12, 11, 9, 9, 9, 9, 9, 9)
(8, 8, 7, 6, 6, 6, 6, 6, 6, 6, 6, 6, 6, 6) (13, 10, 10, 10, 10, 9, 9, 9, 9)
(8, 8, 7, 6, 6, 6, 6, 6, 6, 6, 6, 6, 6, 6) (13, 11, 10, 10, 9, 9, 9, 9, 9)
(8, 8, 7, 6, 6, 6, 6, 6, 6, 6, 6, 6, 6, 6) (13, 11, 11, 9, 9, 9, 9, 9, 9)
(8, 8, 7, 6, 6, 6, 6, 6, 6, 6, 6, 6, 6, 6) (13, 12, 10, 9, 9, 9, 9, 9, 9)
(8, 8, 7, 6, 6, 6, 6, 6, 6, 6, 6, 6, 6, 6) (13, 13, 9, 9, 9, 9, 9, 9, 9)
(8, 8, 7, 7, 6, 6, 6, 6, 6, 6, 6, 6, 6, 5) (10, 10, 10, 10, 10, 10, 10, 10, 9)
(8, 8, 7, 7, 6, 6, 6, 6, 6, 6, 6, 6, 6, 5) (11, 10, 10, 10, 10, 10, 10, 9, 9)
(8, 8, 7, 7, 6, 6, 6, 6, 6, 6, 6, 6, 6, 5) (11, 11, 10, 10, 10, 10, 9, 9, 9)
(8, 8, 7, 7, 6, 6, 6, 6, 6, 6, 6, 6, 6, 5) (11, 11, 11, 10, 10, 9, 9, 9, 9)
(8, 8, 7, 7, 6, 6, 6, 6, 6, 6, 6, 6, 6, 5) (11, 11, 11, 11, 9, 9, 9, 9, 9)
(8, 8, 7, 7, 6, 6, 6, 6, 6, 6, 6, 6, 6, 5) (12, 10, 10, 10, 10, 10, 9, 9, 9)
(8, 8, 7, 7, 6, 6, 6, 6, 6, 6, 6, 6, 6, 5) (12, 11, 10, 10, 10, 9, 9, 9, 9)
(8, 8, 7, 7, 6, 6, 6, 6, 6, 6, 6, 6, 6, 5) (12, 11, 11, 10, 9, 9, 9, 9, 9)
(8, 8, 7, 7, 6, 6, 6, 6, 6, 6, 6, 6, 6, 5) (12, 12, 10, 10, 9, 9, 9, 9, 9)
(8, 8, 7, 7, 6, 6, 6, 6, 6, 6, 6, 6, 6, 5) (12, 12, 11, 9, 9, 9, 9, 9, 9)
(8, 8, 8, 6, 6, 6, 6, 6, 6, 6, 6, 6, 6, 5) (10, 10, 10, 10, 10, 10, 10, 10, 9)
(8, 8, 8, 6, 6, 6, 6, 6, 6, 6, 6, 6, 6, 5) (11, 10, 10, 10, 10, 10, 10, 9, 9)
(8, 8, 8, 6, 6, 6, 6, 6, 6, 6, 6, 6, 6, 5) (11, 11, 10, 10, 10, 10, 9, 9, 9)
(8, 8, 8, 6, 6, 6, 6, 6, 6, 6, 6, 6, 6, 5) (11, 11, 11, 10, 10, 9, 9, 9, 9)
(8, 8, 8, 6, 6, 6, 6, 6, 6, 6, 6, 6, 6, 5) (11, 11, 11, 11, 9, 9, 9, 9, 9)
(8, 8, 8, 6, 6, 6, 6, 6, 6, 6, 6, 6, 6, 5) (12, 10, 10, 10, 10, 10, 9, 9, 9)
(8, 8, 8, 6, 6, 6, 6, 6, 6, 6, 6, 6, 6, 5) (12, 11, 10, 10, 10, 9, 9, 9, 9)
(8, 8, 8, 6, 6, 6, 6, 6, 6, 6, 6, 6, 6, 5) (12, 11, 11, 10, 9, 9, 9, 9, 9)
(8, 8, 8, 6, 6, 6, 6, 6, 6, 6, 6, 6, 6, 5) (12, 12, 10, 10, 9, 9, 9, 9, 9)
(8, 8, 8, 6, 6, 6, 6, 6, 6, 6, 6, 6, 6, 5) (12, 12, 11, 9, 9, 9, 9, 9, 9)
(9, 7, 7, 6, 6, 6, 6, 6, 6, 6, 6, 6, 6, 6) (10, 10, 10, 10, 10, 10, 10, 10, 9)
(9, 7, 7, 6, 6, 6, 6, 6, 6, 6, 6, 6, 6, 6) (11, 10, 10, 10, 10, 10, 10, 9, 9)
(9, 7, 7, 6, 6, 6, 6, 6, 6, 6, 6, 6, 6, 6) (11, 11, 10, 10, 10, 10, 9, 9, 9)
(9, 7, 7, 6, 6, 6, 6, 6, 6, 6, 6, 6, 6, 6) (11, 11, 11, 10, 10, 9, 9, 9, 9)
(9, 7, 7, 6, 6, 6, 6, 6, 6, 6, 6, 6, 6, 6) (11, 11, 11, 11, 9, 9, 9, 9, 9)
(9, 7, 7, 6, 6, 6, 6, 6, 6, 6, 6, 6, 6, 6) (12, 10, 10, 10, 10, 10, 9, 9, 9)
(9, 7, 7, 6, 6, 6, 6, 6, 6, 6, 6, 6, 6, 6) (12, 11, 10, 10, 10, 9, 9, 9, 9)
(9, 7, 7, 6, 6, 6, 6, 6, 6, 6, 6, 6, 6, 6) (12, 11, 11, 10, 9, 9, 9, 9, 9)
(9, 7, 7, 6, 6, 6, 6, 6, 6, 6, 6, 6, 6, 6) (12, 12, 10, 10, 9, 9, 9, 9, 9)
(9, 7, 7, 6, 6, 6, 6, 6, 6, 6, 6, 6, 6, 6) (12, 12, 11, 9, 9, 9, 9, 9, 9)
(9, 7, 7, 6, 6, 6, 6, 6, 6, 6, 6, 6, 6, 6) (13, 10, 10, 10, 10, 9, 9, 9, 9)
(9, 7, 7, 6, 6, 6, 6, 6, 6, 6, 6, 6, 6, 6) (13, 11, 10, 10, 9, 9, 9, 9, 9)
(9, 7, 7, 6, 6, 6, 6, 6, 6, 6, 6, 6, 6, 6) (13, 11, 11, 9, 9, 9, 9, 9, 9)
(9, 7, 7, 6, 6, 6, 6, 6, 6, 6, 6, 6, 6, 6) (13, 12, 10, 9, 9, 9, 9, 9, 9)
(9, 7, 7, 6, 6, 6, 6, 6, 6, 6, 6, 6, 6, 6) (13, 13, 9, 9, 9, 9, 9, 9, 9)
(9, 7, 7, 7, 6, 6, 6, 6, 6, 6, 6, 6, 6, 5) (10, 10, 10, 10, 10, 10, 10, 10, 9)
(9, 7, 7, 7, 6, 6, 6, 6, 6, 6, 6, 6, 6, 5) (11, 10, 10, 10, 10, 10, 10, 9, 9)
(9, 7, 7, 7, 6, 6, 6, 6, 6, 6, 6, 6, 6, 5) (11, 11, 10, 10, 10, 10, 9, 9, 9)
(9, 7, 7, 7, 6, 6, 6, 6, 6, 6, 6, 6, 6, 5) (11, 11, 11, 10, 10, 9, 9, 9, 9)
(9, 7, 7, 7, 6, 6, 6, 6, 6, 6, 6, 6, 6, 5) (11, 11, 11, 11, 9, 9, 9, 9, 9)
(9, 7, 7, 7, 6, 6, 6, 6, 6, 6, 6, 6, 6, 5) (12, 10, 10, 10, 10, 10, 9, 9, 9)
(9, 7, 7, 7, 6, 6, 6, 6, 6, 6, 6, 6, 6, 5) (12, 11, 10, 10, 10, 9, 9, 9, 9)
(9, 7, 7, 7, 6, 6, 6, 6, 6, 6, 6, 6, 6, 5) (12, 11, 11, 10, 9, 9, 9, 9, 9)
(9, 7, 7, 7, 6, 6, 6, 6, 6, 6, 6, 6, 6, 5) (12, 12, 10, 10, 9, 9, 9, 9, 9)
(9, 7, 7, 7, 6, 6, 6, 6, 6, 6, 6, 6, 6, 5) (12, 12, 11, 9, 9, 9, 9, 9, 9)
(9, 7, 7, 7, 6, 6, 6, 6, 6, 6, 6, 6, 6, 5) (13, 10, 10, 10, 10, 9, 9, 9, 9)
(9, 7, 7, 7, 6, 6, 6, 6, 6, 6, 6, 6, 6, 5) (13, 11, 10, 10, 9, 9, 9, 9, 9)
(9, 7, 7, 7, 6, 6, 6, 6, 6, 6, 6, 6, 6, 5) (13, 11, 11, 9, 9, 9, 9, 9, 9)
(9, 7, 7, 7, 6, 6, 6, 6, 6, 6, 6, 6, 6, 5) (13, 12, 10, 9, 9, 9, 9, 9, 9)
(9, 7, 7, 7, 6, 6, 6, 6, 6, 6, 6, 6, 6, 5) (13, 13, 9, 9, 9, 9, 9, 9, 9)
(9, 8, 6, 6, 6, 6, 6, 6, 6, 6, 6, 6, 6, 6) (10, 10, 10, 10, 10, 10, 10, 10, 9)
(9, 8, 6, 6, 6, 6, 6, 6, 6, 6, 6, 6, 6, 6) (11, 10, 10, 10, 10, 10, 10, 9, 9)
(9, 8, 6, 6, 6, 6, 6, 6, 6, 6, 6, 6, 6, 6) (11, 11, 10, 10, 10, 10, 9, 9, 9)
(9, 8, 6, 6, 6, 6, 6, 6, 6, 6, 6, 6, 6, 6) (11, 11, 11, 10, 10, 9, 9, 9, 9)
(9, 8, 6, 6, 6, 6, 6, 6, 6, 6, 6, 6, 6, 6) (11, 11, 11, 11, 9, 9, 9, 9, 9)
(9, 8, 6, 6, 6, 6, 6, 6, 6, 6, 6, 6, 6, 6) (12, 10, 10, 10, 10, 10, 9, 9, 9)
(9, 8, 6, 6, 6, 6, 6, 6, 6, 6, 6, 6, 6, 6) (12, 11, 10, 10, 10, 9, 9, 9, 9)
(9, 8, 6, 6, 6, 6, 6, 6, 6, 6, 6, 6, 6, 6) (12, 11, 11, 10, 9, 9, 9, 9, 9)
(9, 8, 6, 6, 6, 6, 6, 6, 6, 6, 6, 6, 6, 6) (12, 12, 10, 10, 9, 9, 9, 9, 9)
(9, 8, 6, 6, 6, 6, 6, 6, 6, 6, 6, 6, 6, 6) (12, 12, 11, 9, 9, 9, 9, 9, 9)
(9, 8, 6, 6, 6, 6, 6, 6, 6, 6, 6, 6, 6, 6) (13, 10, 10, 10, 10, 9, 9, 9, 9)
(9, 8, 6, 6, 6, 6, 6, 6, 6, 6, 6, 6, 6, 6) (13, 11, 10, 10, 9, 9, 9, 9, 9)
(9, 8, 6, 6, 6, 6, 6, 6, 6, 6, 6, 6, 6, 6) (13, 11, 11, 9, 9, 9, 9, 9, 9)
(9, 8, 6, 6, 6, 6, 6, 6, 6, 6, 6, 6, 6, 6) (13, 12, 10, 9, 9, 9, 9, 9, 9)
(9, 8, 6, 6, 6, 6, 6, 6, 6, 6, 6, 6, 6, 6) (13, 13, 9, 9, 9, 9, 9, 9, 9)

z(4,4,10,10) >= 74
(8, 8, 8, 8, 7, 7, 7, 7, 7, 7) (8, 8, 8, 8, 7, 7, 7, 7, 7, 7)
(8, 8, 8, 8, 7, 7, 7, 7, 7, 7) (9, 8, 8, 7, 7, 7, 7, 7, 7, 7)
(8, 8, 8, 8, 7, 7, 7, 7, 7, 7) (9, 9, 7, 7, 7, 7, 7, 7, 7, 7)
(9, 8, 8, 7, 7, 7, 7, 7, 7, 7) (9, 8, 8, 7, 7, 7, 7, 7, 7, 7)
(9, 8, 8, 7, 7, 7, 7, 7, 7, 7) (9, 9, 7, 7, 7, 7, 7, 7, 7, 7)
(9, 9, 7, 7, 7, 7, 7, 7, 7, 7) (9, 9, 7, 7, 7, 7, 7, 7, 7, 7)
10 10 /fv/x2evXn3ezsvPCw==
10 10 /fv/x2evXnv2zsvPBw==
10 10 /fv/x2evXnv21uvNDg==
10 10 /fv/x2ev3nz81uvNCw==
10 10 /fv/x2ev3nz8tmvPBw==
10 10 /fv/x2evXn3etmvPDg==
10 10 /fv/x+O3XXv2rluvBw==
10 10 /fv/x+O3XXv2ztutCw==
z(4,4,10,10) < 75

z(4,4,10,11) >= 79
10 11 //jZc6+++j5n3776OzU=
z(4,4,10,11) < 80
(8, 8, 8, 7, 7, 7, 7, 7, 7, 7, 7) (8, 8, 8, 8, 8, 8, 8, 8, 8, 8)
(8, 8, 8, 8, 7, 7, 7, 7, 7, 7, 6) (8, 8, 8, 8, 8, 8, 8, 8, 8, 8)
(9, 8, 7, 7, 7, 7, 7, 7, 7, 7, 7) (8, 8, 8, 8, 8, 8, 8, 8, 8, 8)
(9, 8, 8, 7, 7, 7, 7, 7, 7, 7, 6) (8, 8, 8, 8, 8, 8, 8, 8, 8, 8)
(9, 9, 7, 7, 7, 7, 7, 7, 7, 7, 6) (8, 8, 8, 8, 8, 8, 8, 8, 8, 8)
(10, 7, 7, 7, 7, 7, 7, 7, 7, 7, 7) (8, 8, 8, 8, 8, 8, 8, 8, 8, 8)
(10, 8, 7, 7, 7, 7, 7, 7, 7, 7, 6) (8, 8, 8, 8, 8, 8, 8, 8, 8, 8)

z(4,4,10,12) >= 86
10 12 /v8fP37827a2s9257Vx3
z(4,4,10,12) < 87

z(4,4,10,13) >= 93
10 13 /v8//Ljjt23X9mzv3O287gI=
z(4,4,10,13) < 94

z(4,4,10,14) >= 97
10 14 /8M/+dGfvbm33s7uL3fVm60H
z(4,4,10,14) < 98

z(4,4,11,11) >= 86
(7, 7, 8, 8, 8, 8, 8, 8, 8, 8, 8) (7, 7, 8, 8, 8, 8, 8, 8, 8, 8, 8)
11 11 /OHzr55+vXXPt+6597x7AQ==
11 11 /OHz5955223Pvfz587nzAQ==
11 11 /OHzp9928+3Nt/z59q3zAQ==
11 11 /OHzr5577fXNvb6597zbAQ==
11 11 /OHzp992u63Pt97p967rAQ==
11 11 /OHzr55+7fXNt/Z5967rAQ==
11 11 /OHzp991263Pr/V19676AQ==
11 11 /OHzp9918+3Or7fld77eAQ==
11 11 /OHz5951263Pu+fld75+AQ==
11 11 /OHzr5533bXPu+u1d71+AQ==
11 11 /OHzr5593bXPr/N1d6/uAQ==
11 11 /OHzr5599fXOr7u1d73eAQ==
11 11 /OHzr5577fXNvfNtt6/uAQ==
11 11 /OHzp1939fPus+259578AQ==
11 11 /OHzp1939fPurbu5d7f8AQ==
11 11 /OHzp1939fPurd3x967uAQ==
11 11 /OHzp1939fPus3vxd7vuAQ==
11 11 /OHzp19+vfPus3fpt7v2AQ==
11 11 /OHzp19+vfPus+7Z9536AQ==
11 11 /OHzp19+vfPurd7p9632AQ==
11 11 /OHzp19+vfPurbfZt7f6AQ==
11 11 /OHzp9918+3Or/l59635AQ==
11 11 /OHzp9928+3Nt7fNN7++AQ==
11 11 /OHzp992u63Pt7utt7f6AQ==
11 11 /OHzp193t62vt7u1d7f8AQ==
11 11 /OHzp19+t+2tt7fVN7++AQ==
11 11 /OHzp193t62vt93x967tAQ==
11 11 /OHzp193z62vt+219578AQ==
11 11 /OHz51577bPvrb7Z97X6AQ==
11 11 /OHzp991263Pr7vpd73dAQ==
11 11 /OHz59518+3Ou/X19br6AQ==
11 11 /OHz59518+3Ou+vpd719AQ==
11 11 /OHz5157z22vvfz587n1AQ==
11 11 /OHzp193z62vt3vxd7vtAQ==
11 11 /OHzp19+t+2tt/z59q31AQ==
11 11 /OHzp19+r+2ur7flt77eAQ==
11 11 /OHz51577bPvs+fZt5/6AQ==
11 11 /OHzr5539fXOu/P1dbvuAQ==
11 11 /OHzr55+vXXPt/PttbvuAQ==
11 11 /OHzr55+7fXNt7utt73eAQ==
11 11 /OHzp19+r+2ur/p59635AQ==
11 11 /OHz5951263Pu/n59bn5AQ==
11 11 /OHzr5533bXPu/X59brtAQ==
11 11 /OHzr5539fXOu+2597x9AQ==
11 11 /OHzr557vXXPveutt71+AQ==
11 11 /OHz5955223PvefNN7/+AA==
11 11 /OHz59556+3Oveutt5/6AQ==
11 11 /OHz5159t+2uvb2197b8AQ==
11 11 /OHz51577bPvs37p97n2AQ==
11 11 /OHz51577bPvrdfpt6/2AQ==
11 11 /OHz59556+3OvX7p97rrAQ==
11 11 /OHz51593bPvrdvxd6/uAQ==
11 11 /OHz51593bPvrb2597b8AQ==
11 11 /OHz5159t+2uvdvxd6/tAQ==
11 11 /OHz5159z+2uveu1d5/8AQ==
11 11 /OHz51593bPvs33x97ruAQ==
11 11 /OHz5159z+2uvX3x97rtAQ==
11 11 /OHzr5599fXOr/V5967tAQ==
11 11 /OHz51593bPvs+u5d5/8AQ==
11 11 /OHzr5593bXPr72597zdAQ==
11 11 /OHz5157z22vvefVN7/+AA==
11 11 /OHz5157r62vu+flt75+AQ==
11 11 /OHz5157r62vu/r59bn5AQ==
11 11 /OHzr557vXXPvfb59brrAQ==
11 11 /fD422677ebXPffutbf+AA==
11 11 /fD422677dZXP+/utp9+AQ==
(7, 7, 8, 8, 8, 8, 8, 8, 8, 8, 8) (9, 7, 7, 7, 8, 8, 8, 8, 8, 8, 8)
(7, 7, 8, 8, 8, 8, 8, 8, 8, 8, 8) (9, 9, 7, 7, 7, 7, 8, 8, 8, 8, 8)
(7, 7, 8, 8, 8, 8, 8, 8, 8, 8, 8) (9, 9, 9, 8, 8, 8, 7, 7, 7, 7, 7)
(7, 7, 8, 8, 8, 8, 8, 8, 8, 8, 8) (8, 9, 9, 9, 9, 7, 7, 7, 7, 7, 7)
(7, 7, 8, 8, 8, 8, 8, 8, 8, 8, 8) (10, 7, 7, 7, 7, 8, 8, 8, 8, 8, 8)
(7, 7, 8, 8, 8, 8, 8, 8, 8, 8, 8) (10, 9, 8, 8, 8, 8, 7, 7, 7, 7, 7)
(7, 7, 8, 8, 8, 8, 8, 8, 8, 8, 8) (10, 9, 9, 8, 8, 7, 7, 7, 7, 7, 7)
(7, 7, 8, 8, 8, 8, 8, 8, 8, 8, 8) (10, 10, 8, 8, 8, 7, 7, 7, 7, 7, 7)
(7, 7, 8, 8, 8, 8, 8, 8, 8, 8, 8) (11, 8, 8, 8, 8, 8, 7, 7, 7, 7, 7)
(7, 7, 8, 8, 8, 8, 8, 8, 8, 8, 8) (11, 9, 8, 8, 8, 7, 7, 7, 7, 7, 7)
(9, 7, 7, 7, 8, 8, 8, 8, 8, 8, 8) (9, 7, 7, 7, 8, 8, 8, 8, 8, 8, 8)
(9, 7, 7, 7, 8, 8, 8, 8, 8, 8, 8) (9, 9, 7, 7, 7, 7, 8, 8, 8, 8, 8)
(9, 7, 7, 7, 8, 8, 8, 8, 8, 8, 8) (9, 9, 9, 8, 8, 8, 7, 7, 7, 7, 7)
(9, 7, 7, 7, 8, 8, 8, 8, 8, 8, 8) (8, 9, 9, 9, 9, 7, 7, 7, 7, 7, 7)
(9, 7, 7, 7, 8, 8, 8, 8, 8, 8, 8) (10, 7, 7, 7, 7, 8, 8, 8, 8, 8, 8)
(9, 7, 7, 7, 8, 8, 8, 8, 8, 8, 8) (10, 9, 8, 8, 8, 8, 7, 7, 7, 7, 7)
(9, 7, 7, 7, 8, 8, 8, 8, 8, 8, 8) (10, 9, 9, 8, 8, 7, 7, 7, 7, 7, 7)
(9, 7, 7, 7, 8, 8, 8, 8, 8, 8, 8) (10, 10, 8, 8, 8, 7, 7, 7, 7, 7, 7)
(9, 9, 7, 7, 7, 7, 8, 8, 8, 8, 8) (9, 9, 7, 7, 7, 7, 8, 8, 8, 8, 8)
(9, 9, 7, 7, 7, 7, 8, 8, 8, 8, 8) (9, 9, 9, 8, 8, 8, 7, 7, 7, 7, 7)
(9, 9, 7, 7, 7, 7, 8, 8, 8, 8, 8) (8, 9, 9, 9, 9, 7, 7, 7, 7, 7, 7)
(9, 9, 7, 7, 7, 7, 8, 8, 8, 8, 8) (10, 7, 7, 7, 7, 8, 8, 8, 8, 8, 8)
(9, 9, 7, 7, 7, 7, 8, 8, 8, 8, 8) (10, 9, 8, 8, 8, 8, 7, 7, 7, 7, 7)
(9, 9, 7, 7, 7, 7, 8, 8, 8, 8, 8) (10, 9, 9, 8, 8, 7, 7, 7, 7, 7, 7)
(9, 9, 7, 7, 7, 7, 8, 8, 8, 8, 8) (10, 10, 8, 8, 8, 7, 7, 7, 7, 7, 7)
(9, 9, 9, 8, 8, 8, 7, 7, 7, 7, 7) (9, 9, 9, 8, 8, 8, 7, 7, 7, 7, 7)
(9, 9, 9, 8, 8, 8, 7, 7, 7, 7, 7) (8, 9, 9, 9, 9, 7, 7, 7, 7, 7, 7)
(9, 9, 9, 8, 8, 8, 7, 7, 7, 7, 7) (10, 7, 7, 7, 7, 8, 8, 8, 8, 8, 8)
(9, 9, 9, 8, 8, 8, 7, 7, 7, 7, 7) (10, 9, 8, 8, 8, 8, 7, 7, 7, 7, 7)
(9, 9, 9, 8, 8, 8, 7, 7, 7, 7, 7) (10, 9, 9, 8, 8, 7, 7, 7, 7, 7, 7)
(9, 9, 9, 8, 8, 8, 7, 7, 7, 7, 7) (10, 10, 8, 8, 8, 7, 7, 7, 7, 7, 7)
(8, 9, 9, 9, 9, 7, 7, 7, 7, 7, 7) (8, 9, 9, 9, 9, 7, 7, 7, 7, 7, 7)
(8, 9, 9, 9, 9, 7, 7, 7, 7, 7, 7) (10, 7, 7, 7, 7, 8, 8, 8, 8, 8, 8)
(8, 9, 9, 9, 9, 7, 7, 7, 7, 7, 7) (10, 9, 8, 8, 8, 8, 7, 7, 7, 7, 7)
(8, 9, 9, 9, 9, 7, 7, 7, 7, 7, 7) (10, 9, 9, 8, 8, 7, 7, 7, 7, 7, 7)
(8, 9, 9, 9, 9, 7, 7, 7, 7, 7, 7) (10, 10, 8, 8, 8, 7, 7, 7, 7, 7, 7)
(10, 7, 7, 7, 7, 8, 8, 8, 8, 8, 8) (10, 7, 7, 7, 7, 8, 8, 8, 8, 8, 8)
11 11 /j/Pmhsf/ltffXfb7WffAA==
(10, 7, 7, 7, 7, 8, 8, 8, 8, 8, 8) (10, 9, 8, 8, 8, 8, 7, 7, 7, 7, 7)
11 11 /v/Pm2+9+a4fb66tzVf4AQ==
11 11 /v/Pmy+/664vb66trVf4AQ==
11 11 /v/Pm2+99c4fb7V1zVf4AQ==
(10, 7, 7, 7, 7, 8, 8, 8, 8, 8, 8) (10, 9, 9, 8, 8, 7, 7, 7, 7, 7, 7)
(10, 7, 7, 7, 7, 8, 8, 8, 8, 8, 8) (10, 10, 8, 8, 8, 7, 7, 7, 7, 7, 7)
(10, 9, 8, 8, 8, 8, 7, 7, 7, 7, 7) (10, 9, 8, 8, 8, 8, 7, 7, 7, 7, 7)
(10, 9, 8, 8, 8, 8, 7, 7, 7, 7, 7) (10, 9, 9, 8, 8, 7, 7, 7, 7, 7, 7)
(10, 9, 8, 8, 8, 8, 7, 7, 7, 7, 7) (10, 10, 8, 8, 8, 7, 7, 7, 7, 7, 7)
(10, 9, 9, 8, 8, 7, 7, 7, 7, 7, 7) (10, 9, 9, 8, 8, 7, 7, 7, 7, 7, 7)
(10, 9, 9, 8, 8, 7, 7, 7, 7, 7, 7) (10, 10, 8, 8, 8, 7, 7, 7, 7, 7, 7)
(10, 10, 8, 8, 8, 7, 7, 7, 7, 7, 7) (10, 10, 8, 8, 8, 7, 7, 7, 7, 7, 7)
z(4,4,11,11) < 87

z(4,4,11,12) >= 93
11 12 /v9555vfr3zV27p2PVtvfwA=
z(4,4,11,12) < 94

z(4,4,11,13) >= 100
11 13 /v/zvOYbv63X3nzt6u22fv0B
z(4,4,11,13) < 101

z(4,4,12,12) >= 100
(9, 9, 9, 9, 8, 8, 8, 8, 8, 8, 8, 8) (9, 9, 9, 9, 8, 8, 8, 8, 8, 8, 8, 8)
12 12 97PPPe/8V33qm7e23dpefuab
(9, 9, 9, 9, 8, 8, 8, 8, 8, 8, 8, 8) (9, 9, 9, 9, 9, 8, 8, 8, 8, 8, 8, 7)
(9, 9, 9, 9, 8, 8, 8, 8, 8, 8, 8, 8) (9, 9, 9, 9, 9, 9, 8, 8, 8, 8, 7, 7)
(9, 9, 9, 9, 8, 8, 8, 8, 8, 8, 8, 8) (10, 9, 9, 8, 8, 8, 8, 8, 8, 8, 8, 8)
(9, 9, 9, 9, 8, 8, 8, 8, 8, 8, 8, 8) (10, 9, 9, 9, 8, 8, 8, 8, 8, 8, 8, 7)
(9, 9, 9, 9, 8, 8, 8, 8, 8, 8, 8, 8) (10, 9, 9, 9, 9, 8, 8, 8, 8, 8, 7, 7)
(9, 9, 9, 9, 8, 8, 8, 8, 8, 8, 8, 8) (10, 10, 8, 8, 8, 8, 8, 8, 8, 8, 8, 8)
(9, 9, 9, 9, 8, 8, 8, 8, 8, 8, 8, 8) (10, 10, 9, 8, 8, 8, 8, 8, 8, 8, 8, 7)
(9, 9, 9, 9, 8, 8, 8, 8, 8, 8, 8, 8) (10, 10, 9, 9, 8, 8, 8, 8, 8, 8, 7, 7)
(9, 9, 9, 9, 8, 8, 8, 8, 8, 8, 8, 8) (10, 10, 10, 8, 8, 8, 8, 8, 8, 8, 7, 7)
(9, 9, 9, 9, 8, 8, 8, 8, 8, 8, 8, 8) (11, 9, 8, 8, 8, 8, 8, 8, 8, 8, 8, 8)
(9, 9, 9, 9, 8, 8, 8, 8, 8, 8, 8, 8) (11, 9, 9, 8, 8, 8, 8, 8, 8, 8, 8, 7)
(9, 9, 9, 9, 8, 8, 8, 8, 8, 8, 8, 8) (11, 9, 9, 9, 8, 8, 8, 8, 8, 8, 7, 7)
(9, 9, 9, 9, 8, 8, 8, 8, 8, 8, 8, 8) (11, 10, 8, 8, 8, 8, 8, 8, 8, 8, 8, 7)
(9, 9, 9, 9, 8, 8, 8, 8, 8, 8, 8, 8) (11, 10, 9, 8, 8, 8, 8, 8, 8, 8, 7, 7)
(9, 9, 9, 9, 8, 8, 8, 8, 8, 8, 8, 8) (11, 11, 8, 8, 8, 8, 8, 8, 8, 8, 7, 7)
(9, 9, 9, 9, 9, 8, 8, 8, 8, 8, 8, 7) (9, 9, 9, 9, 9, 8, 8, 8, 8, 8, 8, 7)
(9, 9, 9, 9, 9, 8, 8, 8, 8, 8, 8, 7) (9, 9, 9, 9, 9, 9, 8, 8, 8, 8, 7, 7)
(9, 9, 9, 9, 9, 8, 8, 8, 8, 8, 8, 7) (10, 9, 9, 8, 8, 8, 8, 8, 8, 8, 8, 8)
(9, 9, 9, 9, 9, 8, 8, 8, 8, 8, 8, 7) (10, 9, 9, 9, 8, 8, 8, 8, 8, 8, 8, 7)
(9, 9, 9, 9, 9, 8, 8, 8, 8, 8, 8, 7) (10, 9, 9, 9, 9, 8, 8, 8, 8, 8, 7, 7)
(9, 9, 9, 9, 9, 8, 8, 8, 8, 8, 8, 7) (10, 10, 8, 8, 8, 8, 8, 8, 8, 8, 8, 8)
(9, 9, 9, 9, 9, 8, 8, 8, 8, 8, 8, 7) (10, 10, 9, 8, 8, 8, 8, 8, 8, 8, 8, 7)
(9, 9, 9, 9, 9, 8, 8, 8, 8, 8, 8, 7) (10, 10, 9, 9, 8, 8, 8, 8, 8, 8, 7, 7)
(9, 9, 9, 9, 9, 8, 8, 8, 8, 8, 8, 7) (10, 10, 10, 8, 8, 8, 8, 8, 8, 8, 7, 7)
(9, 9, 9, 9, 9, 8, 8, 8, 8, 8, 8, 7) (11, 9, 8, 8, 8, 8, 8, 8, 8, 8, 8, 8)
(9, 9, 9, 9, 9, 8, 8, 8, 8, 8, 8, 7) (11, 9, 9, 8, 8, 8, 8, 8, 8, 8, 8, 7)
(9, 9, 9, 9, 9, 8, 8, 8, 8, 8, 8, 7) (11, 9, 9, 9, 8, 8, 8, 8, 8, 8, 7, 7)
(9, 9, 9, 9, 9, 8, 8, 8, 8, 8, 8, 7) (11, 10, 8, 8, 8, 8, 8, 8, 8, 8, 8, 7)
(9, 9, 9, 9, 9, 8, 8, 8, 8, 8, 8, 7) (11, 10, 9, 8, 8, 8, 8, 8, 8, 8, 7, 7)
(9, 9, 9, 9, 9, 8, 8, 8, 8, 8, 8, 7) (11, 11, 8, 8, 8, 8, 8, 8, 8, 8, 7, 7)
(9, 9, 9, 9, 9, 9, 8, 8, 8, 8, 7, 7) (9, 9, 9, 9, 9, 9, 8, 8, 8, 8, 7, 7)
(9, 9, 9, 9, 9, 9, 8, 8, 8, 8, 7, 7) (10, 9, 9, 8, 8, 8, 8, 8, 8, 8, 8, 8)
(9, 9, 9, 9, 9, 9, 8, 8, 8, 8, 7, 7) (10, 9, 9, 9, 8, 8, 8, 8, 8, 8, 8, 7)
(9, 9, 9, 9, 9, 9, 8, 8, 8, 8, 7, 7) (10, 9, 9, 9, 9, 8, 8, 8, 8, 8, 7, 7)
(9, 9, 9, 9, 9, 9, 8, 8, 8, 8, 7, 7) (10, 10, 8, 8, 8, 8, 8, 8, 8, 8, 8, 8)
(9, 9, 9, 9, 9, 9, 8, 8, 8, 8, 7, 7) (10, 10, 9, 8, 8, 8, 8, 8, 8, 8, 8, 7)
(9, 9, 9, 9, 9, 9, 8, 8, 8, 8, 7, 7) (10, 10, 9, 9, 8, 8, 8, 8, 8, 8, 7, 7)
(9, 9, 9, 9, 9, 9, 8, 8, 8, 8, 7, 7) (10, 10, 10, 8, 8, 8, 8, 8, 8, 8, 7, 7)
(9, 9, 9, 9, 9, 9, 8, 8, 8, 8, 7, 7) (11, 9, 8, 8, 8, 8, 8, 8, 8, 8, 8, 8)
(9, 9, 9, 9, 9, 9, 8, 8, 8, 8, 7, 7) (11, 9, 9, 8, 8, 8, 8, 8, 8, 8, 8, 7)
(9, 9, 9, 9, 9, 9, 8, 8, 8, 8, 7, 7) (11, 9, 9, 9, 8, 8, 8, 8, 8, 8, 7, 7)
(9, 9, 9, 9, 9, 9, 8, 8, 8, 8, 7, 7) (11, 10, 8, 8, 8, 8, 8, 8, 8, 8, 8, 7)
(9, 9, 9, 9, 9, 9, 8, 8, 8, 8, 7, 7) (11, 10, 9, 8, 8, 8, 8, 8, 8, 8, 7, 7)
(9, 9, 9, 9, 9, 9, 8, 8, 8, 8, 7, 7) (11, 11, 8, 8, 8, 8, 8, 8, 8, 8, 7, 7)
(10, 9, 9, 8, 8, 8, 8, 8, 8, 8, 8, 8) (10, 9, 9, 8, 8, 8, 8, 8, 8, 8, 8, 8)
(10, 9, 9, 8, 8, 8, 8, 8, 8, 8, 8, 8) (10, 9, 9, 9, 8, 8, 8, 8, 8, 8, 8, 7)
(10, 9, 9, 8, 8, 8, 8, 8, 8, 8, 8, 8) (10, 9, 9, 9, 9, 8, 8, 8, 8, 8, 7, 7)
(10, 9, 9, 8, 8, 8, 8, 8, 8, 8, 8, 8) (10, 10, 8, 8, 8, 8, 8, 8, 8, 8, 8, 8)
(10, 9, 9, 8, 8, 8, 8, 8, 8, 8, 8, 8) (10, 10, 9, 8, 8, 8, 8, 8, 8, 8, 8, 7)
(10, 9, 9, 8, 8, 8, 8, 8, 8, 8, 8, 8) (10, 10, 9, 9, 8, 8, 8, 8, 8, 8, 7, 7)
(10, 9, 9, 8, 8, 8, 8, 8, 8, 8, 8, 8) (10, 10, 10, 8, 8, 8, 8, 8, 8, 8, 7, 7)
(10, 9, 9, 8, 8, 8, 8, 8, 8, 8, 8, 8) (11, 9, 8, 8, 8, 8, 8, 8, 8, 8, 8, 8)
(10, 9, 9, 8, 8, 8, 8, 8, 8, 8, 8, 8) (11, 9, 9, 8, 8, 8, 8, 8, 8, 8, 8, 7)
(10, 9, 9, 8, 8, 8, 8, 8, 8, 8, 8, 8) (11, 9, 9, 9, 8, 8, 8, 8, 8, 8, 7, 7)
(10, 9, 9, 8, 8, 8, 8, 8, 8, 8, 8, 8) (11, 10, 8, 8, 8, 8, 8, 8, 8, 8, 8, 7)
(10, 9, 9, 8, 8, 8, 8, 8, 8, 8, 8, 8) (11, 10, 9, 8, 8, 8, 8, 8, 8, 8, 7, 7)
(10, 9, 9, 8, 8, 8, 8, 8, 8, 8, 8, 8) (11, 11, 8, 8, 8, 8, 8, 8, 8, 8, 7, 7)
(10, 9, 9, 9, 8, 8, 8, 8, 8, 8, 8, 7) (10, 9, 9, 9, 8, 8, 8, 8, 8, 8, 8, 7)
(10, 9, 9, 9, 8, 8, 8, 8, 8, 8, 8, 7) (10, 9, 9, 9, 9, 8, 8, 8, 8, 8, 7, 7)
(10, 9, 9, 9, 8, 8, 8, 8, 8, 8, 8, 7) (10, 10, 8, 8, 8, 8, 8, 8, 8, 8, 8, 8)
(10, 9, 9, 9, 8, 8, 8, 8, 8, 8, 8, 7) (10, 10, 9, 8, 8, 8, 8, 8, 8, 8, 8, 7)
(10, 9, 9, 9, 8, 8, 8, 8, 8, 8, 8, 7) (10, 10, 9, 9, 8, 8, 8, 8, 8, 8, 7, 7)
(10, 9, 9, 9, 8, 8, 8, 8, 8, 8, 8, 7) (10, 10, 10, 8, 8, 8, 8, 8, 8, 8, 7, 7)
(10, 9, 9, 9, 8, 8, 8, 8, 8, 8, 8, 7) (11, 9, 8, 8, 8, 8, 8, 8, 8, 8, 8, 8)
(10, 9, 9, 9, 8, 8, 8, 8, 8, 8, 8, 7) (11, 9, 9, 8, 8, 8, 8, 8, 8, 8, 8, 7)
(10, 9, 9, 9, 8, 8, 8, 8, 8, 8, 8, 7) (11, 9, 9, 9, 8, 8, 8, 8, 8, 8, 7, 7)
(10, 9, 9, 9, 8, 8, 8, 8, 8, 8, 8, 7) (11, 10, 8, 8, 8, 8, 8, 8, 8, 8, 8, 7)
(10, 9, 9, 9, 8, 8, 8, 8, 8, 8, 8, 7) (11, 10, 9, 8, 8, 8, 8, 8, 8, 8, 7, 7)
(10, 9, 9, 9, 8, 8, 8, 8, 8, 8, 8, 7) (11, 11, 8, 8, 8, 8, 8, 8, 8, 8, 7, 7)
(10, 9, 9, 9, 9, 8, 8, 8, 8, 8, 7, 7) (10, 9, 9, 9, 9, 8, 8, 8, 8, 8, 7, 7)
(10, 9, 9, 9, 9, 8, 8, 8, 8, 8, 7, 7) (10, 10, 8, 8, 8, 8, 8, 8, 8, 8, 8, 8)
(10, 9, 9, 9, 9, 8, 8, 8, 8, 8, 7, 7) (10, 10, 9, 8, 8, 8, 8, 8, 8, 8, 8, 7)
(10, 9, 9, 9, 9, 8, 8, 8, 8, 8, 7, 7) (10, 10, 9, 9, 8, 8, 8, 8, 8, 8, 7, 7)
(10, 9, 9, 9, 9, 8, 8, 8, 8, 8, 7, 7) (10, 10, 10, 8, 8, 8, 8, 8, 8, 8, 7, 7)
(10, 9, 9, 9, 9, 8, 8, 8, 8, 8, 7, 7) (11, 9, 8, 8, 8, 8, 8, 8, 8, 8, 8, 8)
(10, 9, 9, 9, 9, 8, 8, 8, 8, 8, 7, 7) (11, 9, 9, 8, 8, 8, 8, 8, 8, 8, 8, 7)
(10, 9, 9, 9, 9, 8, 8, 8, 8, 8, 7, 7) (11, 9, 9, 9, 8, 8, 8, 8, 8, 8, 7, 7)
(10, 9, 9, 9, 9, 8, 8, 8, 8, 8, 7, 7) (11, 10, 8, 8, 8, 8, 8, 8, 8, 8, 8, 7)
(10, 9, 9, 9, 9, 8, 8, 8, 8, 8, 7, 7) (11, 10, 9, 8, 8, 8, 8, 8, 8, 8, 7, 7)
(10, 9, 9, 9, 9, 8, 8, 8, 8, 8, 7, 7) (11, 11, 8, 8, 8, 8, 8, 8, 8, 8, 7, 7)
(10, 10, 8, 8, 8, 8, 8, 8, 8, 8, 8, 8) (10, 10, 8, 8, 8, 8, 8, 8, 8, 8, 8, 8)
(10, 10, 8, 8, 8, 8, 8, 8, 8, 8, 8, 8) (10, 10, 9, 8, 8, 8, 8, 8, 8, 8, 8, 7)
(10, 10, 8, 8, 8, 8, 8, 8, 8, 8, 8, 8) (10, 10, 9, 9, 8, 8, 8, 8, 8, 8, 7, 7)
(10, 10, 8, 8, 8, 8, 8, 8, 8, 8, 8, 8) (10, 10, 10, 8, 8, 8, 8, 8, 8, 8, 7, 7)
(10, 10, 8, 8, 8, 8, 8, 8, 8, 8, 8, 8) (11, 9, 8, 8, 8, 8, 8, 8, 8, 8, 8, 8)
(10, 10, 8, 8, 8, 8, 8, 8, 8, 8, 8, 8) (11, 9, 9, 8, 8, 8, 8, 8, 8, 8, 8, 7)
(10, 10, 8, 8, 8, 8, 8, 8, 8, 8, 8, 8) (11, 9, 9, 9, 8, 8, 8, 8, 8, 8, 7, 7)
(10, 10, 8, 8, 8, 8, 8, 8, 8, 8, 8, 8) (11, 10, 8, 8, 8, 8, 8, 8, 8, 8, 8, 7)
(10, 10, 8, 8, 8, 8, 8, 8, 8, 8, 8, 8) (11, 10, 9, 8, 8, 8, 8, 8, 8, 8, 7, 7)
(10, 10, 8, 8, 8, 8, 8, 8, 8, 8, 8, 8) (11, 11, 8, 8, 8, 8, 8, 8, 8, 8, 7, 7)
(10, 10, 9, 8, 8, 8, 8, 8, 8, 8, 8, 7) (10, 10, 9, 8, 8, 8, 8, 8, 8, 8, 8, 7)
(10, 10, 9, 8, 8, 8, 8, 8, 8, 8, 8, 7) (10, 10, 9, 9, 8, 8, 8, 8, 8, 8, 7, 7)
(10, 10, 9, 8, 8, 8, 8, 8, 8, 8, 8, 7) (10, 10, 10, 8, 8, 8, 8, 8, 8, 8, 7, 7)
(10, 10, 9, 8, 8, 8, 8, 8, 8, 8, 8, 7) (11, 9, 8, 8, 8, 8, 8, 8, 8, 8, 8, 8)
(10, 10, 9, 8, 8, 8, 8, 8, 8, 8, 8, 7) (11, 9, 9, 8, 8, 8, 8, 8, 8, 8, 8, 7)
(10, 10, 9, 8, 8, 8, 8, 8, 8, 8, 8, 7) (11, 9, 9, 9, 8, 8, 8, 8, 8, 8, 7, 7)
(10, 10, 9, 8, 8, 8, 8, 8, 8, 8, 8, 7) (11, 10, 8, 8, 8, 8, 8, 8, 8, 8, 8, 7)
(10, 10, 9, 8, 8, 8, 8, 8, 8, 8, 8, 7) (11, 10, 9, 8, 8, 8, 8, 8, 8, 8, 7, 7)
(10, 10, 9, 8, 8, 8, 8, 8, 8, 8, 8, 7) (11, 11, 8, 8, 8, 8, 8, 8, 8, 8, 7, 7)
(10, 10, 9, 9, 8, 8, 8, 8, 8, 8, 7, 7) (10, 10, 9, 9, 8, 8, 8, 8, 8, 8, 7, 7)
(10, 10, 9, 9, 8, 8, 8, 8, 8, 8, 7, 7) (10, 10, 10, 8, 8, 8, 8, 8, 8, 8, 7, 7)
(10, 10, 9, 9, 8, 8, 8, 8, 8, 8, 7, 7) (11, 9, 8, 8, 8, 8, 8, 8, 8, 8, 8, 8)
(10, 10, 9, 9, 8, 8, 8, 8, 8, 8, 7, 7) (11, 9, 9, 8, 8, 8, 8, 8, 8, 8, 8, 7)
(10, 10, 9, 9, 8, 8, 8, 8, 8, 8, 7, 7) (11, 9, 9, 9, 8, 8, 8, 8, 8, 8, 7, 7)
(10, 10, 9, 9, 8, 8, 8, 8, 8, 8, 7, 7) (11, 10, 8, 8, 8, 8, 8, 8, 8, 8, 8, 7)
(10, 10, 9, 9, 8, 8, 8, 8, 8, 8, 7, 7) (11, 10, 9, 8, 8, 8, 8, 8, 8, 8, 7, 7)
(10, 10, 9, 9, 8, 8, 8, 8, 8, 8, 7, 7) (11, 11, 8, 8, 8, 8, 8, 8, 8, 8, 7, 7)
(10, 10, 10, 8, 8, 8, 8, 8, 8, 8, 7, 7) (10, 10, 10, 8, 8, 8, 8, 8, 8, 8, 7, 7)
(10, 10, 10, 8, 8, 8, 8, 8, 8, 8, 7, 7) (11, 9, 8, 8, 8, 8, 8, 8, 8, 8, 8, 8)
(10, 10, 10, 8, 8, 8, 8, 8, 8, 8, 7, 7) (11, 9, 9, 8, 8, 8, 8, 8, 8, 8, 8, 7)
(10, 10, 10, 8, 8, 8, 8, 8, 8, 8, 7, 7) (11, 9, 9, 9, 8, 8, 8, 8, 8, 8, 7, 7)
(10, 10, 10, 8, 8, 8, 8, 8, 8, 8, 7, 7) (11, 10, 8, 8, 8, 8, 8, 8, 8, 8, 8, 7)
(10, 10, 10, 8, 8, 8, 8, 8, 8, 8, 7, 7) (11, 10, 9, 8, 8, 8, 8, 8, 8, 8, 7, 7)
(10, 10, 10, 8, 8, 8, 8, 8, 8, 8, 7, 7) (11, 11, 8, 8, 8, 8, 8, 8, 8, 8, 7, 7)
(11, 9, 8, 8, 8, 8, 8, 8, 8, 8, 8, 8) (11, 9, 8, 8, 8, 8, 8, 8, 8, 8, 8, 8)
(11, 9, 8, 8, 8, 8, 8, 8, 8, 8, 8, 8) (11, 9, 9, 8, 8, 8, 8, 8, 8, 8, 8, 7)
(11, 9, 8, 8, 8, 8, 8, 8, 8, 8, 8, 8) (11, 9, 9, 9, 8, 8, 8, 8, 8, 8, 7, 7)
(11, 9, 8, 8, 8, 8, 8, 8, 8, 8, 8, 8) (11, 10, 8, 8, 8, 8, 8, 8, 8, 8, 8, 7)
(11, 9, 8, 8, 8, 8, 8, 8, 8, 8, 8, 8) (11, 10, 9, 8, 8, 8, 8, 8, 8, 8, 7, 7)
(11, 9, 8, 8, 8, 8, 8, 8, 8, 8, 8, 8) (11, 11, 8, 8, 8, 8, 8, 8, 8, 8, 7, 7)
(11, 9, 9, 8, 8, 8, 8, 8, 8, 8, 8, 7) (11, 9, 9, 8, 8, 8, 8, 8, 8, 8, 8, 7)
(11, 9, 9, 8, 8, 8, 8, 8, 8, 8, 8, 7) (11, 9, 9, 9, 8, 8, 8, 8, 8, 8, 7, 7)
(11, 9, 9, 8, 8, 8, 8, 8, 8, 8, 8, 7) (11, 10, 8, 8, 8, 8, 8, 8, 8, 8, 8, 7)
(11, 9, 9, 8, 8, 8, 8, 8, 8, 8, 8, 7) (11, 10, 9, 8, 8, 8, 8, 8, 8, 8, 7, 7)
(11, 9, 9, 8, 8, 8, 8, 8, 8, 8, 8, 7) (11, 11, 8, 8, 8, 8, 8, 8, 8, 8, 7, 7)
(11, 9, 9, 9, 8, 8, 8, 8, 8, 8, 7, 7) (11, 9, 9, 9, 8, 8, 8, 8, 8, 8, 7, 7)
12 12 /n/PO9/8V3e627lufdpbn/IW
(11, 9, 9, 9, 8, 8, 8, 8, 8, 8, 7, 7) (11, 10, 8, 8, 8, 8, 8, 8, 8, 8, 8, 7)
(11, 9, 9, 9, 8, 8, 8, 8, 8, 8, 7, 7) (11, 10, 9, 8, 8, 8, 8, 8, 8, 8, 7, 7)
(11, 9, 9, 9, 8, 8, 8, 8, 8, 8, 7, 7) (11, 11, 8, 8, 8, 8, 8, 8, 8, 8, 7, 7)
(11, 10, 8, 8, 8, 8, 8, 8, 8, 8, 8, 7) (11, 10, 8, 8, 8, 8, 8, 8, 8, 8, 8, 7)
(11, 10, 8, 8, 8, 8, 8, 8, 8, 8, 8, 7) (11, 10, 9, 8, 8, 8, 8, 8, 8, 8, 7, 7)
(11, 10, 8, 8, 8, 8, 8, 8, 8, 8, 8, 7) (11, 11, 8, 8, 8, 8, 8, 8, 8, 8, 7, 7)
(11, 10, 9, 8, 8, 8, 8, 8, 8, 8, 7, 7) (11, 10, 9, 8, 8, 8, 8, 8, 8, 8, 7, 7)
(11, 10, 9, 8, 8, 8, 8, 8, 8, 8, 7, 7) (11, 11, 8, 8, 8, 8, 8, 8, 8, 8, 7, 7)
(11, 11, 8, 8, 8, 8, 8, 8, 8, 8, 7, 7) (11, 11, 8, 8, 8, 8, 8, 8, 8, 8, 7, 7)
z(4,4,12,12) < 101
(9, 9, 9, 9, 9, 8, 8, 8, 8, 8, 8, 8) (9, 9, 9, 9, 9, 8, 8, 8, 8, 8, 8, 8)
(9, 9, 9, 9, 9, 8, 8, 8, 8, 8, 8, 8) (10, 9, 9, 9, 8, 8, 8, 8, 8, 8, 8, 8)
(9, 9, 9, 9, 9, 8, 8, 8, 8, 8, 8, 8) (10, 10, 9, 8, 8, 8, 8, 8, 8, 8, 8, 8)
(9, 9, 9, 9, 9, 8, 8, 8, 8, 8, 8, 8) (11, 9, 9, 8, 8, 8, 8, 8, 8, 8, 8, 8)
(9, 9, 9, 9, 9, 8, 8, 8, 8, 8, 8, 8) (11, 10, 8, 8, 8, 8, 8, 8, 8, 8, 8, 8)
(10, 9, 9, 9, 8, 8, 8, 8, 8, 8, 8, 8) (10, 9, 9, 9, 8, 8, 8, 8, 8, 8, 8, 8)
(10, 9, 9, 9, 8, 8, 8, 8, 8, 8, 8, 8) (10, 10, 9, 8, 8, 8, 8, 8, 8, 8, 8, 8)
(10, 9, 9, 9, 8, 8, 8, 8, 8, 8, 8, 8) (11, 9, 9, 8, 8, 8, 8, 8, 8, 8, 8, 8)
(10, 9, 9, 9, 8, 8, 8, 8, 8, 8, 8, 8) (11, 10, 8, 8, 8, 8, 8, 8, 8, 8, 8, 8)
(10, 10, 9, 8, 8, 8, 8, 8, 8, 8, 8, 8) (10, 10, 9, 8, 8, 8, 8, 8, 8, 8, 8, 8)
(10, 10, 9, 8, 8, 8, 8, 8, 8, 8, 8, 8) (11, 9, 9, 8, 8, 8, 8, 8, 8, 8, 8, 8)
(10, 10, 9, 8, 8, 8, 8, 8, 8, 8, 8, 8) (11, 10, 8, 8, 8, 8, 8, 8, 8, 8, 8, 8)
(11, 9, 9, 8, 8, 8, 8, 8, 8, 8, 8, 8) (11, 9, 9, 8, 8, 8, 8, 8, 8, 8, 8, 8)
(11, 9, 9, 8, 8, 8, 8, 8, 8, 8, 8, 8) (11, 10, 8, 8, 8, 8, 8, 8, 8, 8, 8, 8)
(11, 10, 8, 8, 8, 8, 8, 8, 8, 8, 8, 8) (11, 10, 8, 8, 8, 8, 8, 8, 8, 8, 8, 8)

z(4,4,12,13) >= 108
12 13 9+OOH/7dtm3Xdq/ueu3V53pndwc=
z(4,4,12,13) < 109

z(4,4,13,13) >= 117
(9, 9, 9, 9, 9, 9, 9, 9, 9, 9, 9, 9, 9) (9, 9, 9, 9, 9, 9, 9, 9, 9, 9, 9, 9, 9)
13 13 /+HHHb9tu7Zne+du53XXq7tee43/AA==
13 13 /+HHHb9tu7Zne1dvvfXac7tzu4v/AA==
13 13 /+HHPdurvdnHX+uu53nXrdtefc39AA==
13 13 /+HHPdurvdnHX1uvvfnaddtzvcv9AA==
13 13 /+HHPdurvdZnb2cvf/naddtz7cd3AQ==
13 13 /+HHPdurvbrneVuvvdnPs5s/vcuvAQ==
13 13 /+HHPdurvdZnb+uu59nPs5s/fc13AQ==
13 13 /+HHPdurvbrneWcvf3nXrdte7cevAQ==
z(4,4,13,13) < 118

